14 8 35 14 8 6
14 7 34 14 7 7
16 9 33 16 9 7
15 7 32 15 7 8
18 9 31 18 9 9
11 1 30 11 1 10
12 2 29 12 2 10
13 3 28 13 3 10
19 9 27 19 9 10
13 2 26 13 2 11
20 8 25 20 8 12
16 3 24 16 3 13
18 5 23 18 5 13
17 3 22 17 3 14
19 5 21 19 5 14
17 2 20 17 2 15
18 3 19 18 3 15
23 8 18 23 8 15
25 9 17 25 9 16
30 14 16 30 14 16
28 11 15 28 11 17
20 2 14 20 2 18
21 3 13 21 3 18
27 9 12 27 9 18
21 1 11 21 1 20
23 2 10 23 2 21
24 3 9 24 3 21
26 5 8 26 5 21
28 7 7 28 7 21
30 9 6 30 9 21
23 1 5 23 1 22
25 3 4 25 3 22
26 2 3 26 2 24
28 4 2 28 4 24
27 1 1 27 1 26
