14 8 32 14 8 6
14 7 31 14 7 7
15 7 30 15 7 8
18 9 29 18 9 9
11 1 28 11 1 10
12 2 27 12 2 10
13 3 26 13 3 10
19 9 25 19 9 10
13 2 24 13 2 11
20 8 23 20 8 12
16 3 22 16 3 13
18 5 21 18 5 13
17 3 20 17 3 14
19 5 19 19 5 14
17 2 18 17 2 15
18 3 17 18 3 15
23 8 16 23 8 15
25 9 15 25 9 16
30 14 14 30 14 16
28 11 13 28 11 17
20 2 12 20 2 18
21 3 11 21 3 18
27 9 10 27 9 18
21 1 9 21 1 20
23 2 8 23 2 21
24 3 7 24 3 21
26 5 6 26 5 21
30 9 5 30 9 21
25 3 4 25 3 22
26 2 3 26 2 24
28 4 2 28 4 24
27 1 1 27 1 26
