10 5 33 10 5 5
11 4 32 11 4 7
15 8 31 15 8 7
16 9 30 16 9 7
10 2 29 10 2 8
18 10 28 18 10 8
18 10 27 18 10 8
16 7 26 16 7 9
13 3 25 13 3 10
19 9 24 19 9 10
14 3 23 14 3 11
14 3 22 14 3 11
17 6 21 17 6 11
19 8 20 19 8 11
28 15 19 28 15 13
17 3 18 17 3 14
23 9 17 23 9 14
28 14 16 28 14 14
19 4 15 19 4 15
26 11 14 26 11 15
30 15 13 30 15 15
22 5 12 22 5 17
19 1 11 19 1 18
22 4 10 22 4 18
23 5 9 23 5 18
29 11 8 29 11 18
21 1 7 21 1 20
21 1 6 21 1 20
30 10 5 30 10 20
27 6 4 27 6 21
28 5 3 28 5 23
29 5 2 29 5 24
29 1 1 29 1 28
