11 4 32 11 4 7
11 4 31 11 4 7
15 7 30 15 7 8
14 5 29 14 5 9
14 5 28 14 5 9
11 1 27 11 1 10
13 3 26 13 3 10
21 11 25 21 11 10
13 2 24 13 2 11
21 10 23 21 10 11
23 12 22 23 12 11
20 8 21 20 8 12
20 8 20 20 8 12
21 9 19 21 9 12
18 5 18 18 5 13
24 11 17 24 11 13
15 1 16 15 1 14
20 6 15 20 6 14
20 6 14 20 6 14
28 14 13 28 14 14
26 8 12 26 8 18
24 5 11 24 5 19
27 8 10 27 8 19
22 2 9 22 2 20
27 7 8 27 7 20
29 9 7 29 9 20
24 2 6 24 2 22
30 8 5 30 8 22
26 2 4 26 2 24
27 2 3 27 2 25
28 1 2 28 1 27
30 1 1 30 1 29
