12 7 34 12 7 5
14 8 33 14 8 6
11 4 32 11 4 7
18 9 31 18 9 9
19 9 30 19 9 10
22 12 29 22 12 10
17 6 28 17 6 11
14 2 27 14 2 12
16 3 26 16 3 13
17 4 25 17 4 13
20 7 24 20 7 13
23 10 23 23 10 13
18 4 22 18 4 14
30 16 21 30 16 14
18 3 20 18 3 15
19 4 19 19 4 15
19 4 18 19 4 15
21 6 17 21 6 15
17 1 16 17 1 16
18 2 15 18 2 16
24 8 14 24 8 16
25 9 13 25 9 16
28 12 12 28 12 16
24 5 11 24 5 19
25 6 10 25 6 19
30 11 9 30 11 19
24 3 8 24 3 21
29 8 7 29 8 21
23 1 6 23 1 22
24 1 5 24 1 23
25 1 4 25 1 24
30 6 3 30 6 24
27 2 2 27 2 25
27 2 1 27 2 25
