10 6 33 10 6 4
11 6 32 11 6 5
12 7 31 12 7 5
10 4 30 10 4 6
14 7 29 14 7 7
10 1 28 10 1 9
11 2 27 11 2 9
15 4 26 15 4 11
16 5 25 16 5 11
21 10 24 21 10 11
15 3 23 15 3 12
17 5 22 17 5 12
26 14 21 26 14 12
14 1 20 14 1 13
20 7 19 20 7 13
28 15 18 28 15 13
16 2 17 16 2 14
30 16 16 30 16 14
22 7 15 22 7 15
22 7 14 22 7 15
24 9 13 24 9 15
27 12 12 27 12 15
20 4 11 20 4 16
24 6 10 24 6 18
28 9 9 28 9 19
25 5 8 25 5 20
25 5 7 25 5 20
28 7 6 28 7 21
24 2 5 24 2 22
29 7 4 29 7 22
27 1 3 27 1 26
30 3 2 30 3 27
30 2 1 30 2 28
