15 7 33 15 7 8
16 8 32 16 8 8
14 5 31 14 5 9
15 6 30 15 6 9
18 9 29 18 9 9
18 9 28 18 9 9
11 1 27 11 1 10
12 2 26 12 2 10
15 5 25 15 5 10
20 10 24 20 10 10
14 3 23 14 3 11
21 10 22 21 10 11
13 1 21 13 1 12
22 9 20 22 9 13
23 9 19 23 9 14
25 11 18 25 11 14
25 11 17 25 11 14
27 13 16 27 13 14
21 6 15 21 6 15
30 15 14 30 15 15
17 1 13 17 1 16
19 3 12 19 3 16
20 4 11 20 4 16
18 1 10 18 1 17
25 7 9 25 7 18
22 3 8 22 3 19
23 4 7 23 4 19
28 7 6 28 7 21
28 6 5 28 6 22
29 6 4 29 6 23
30 7 3 30 7 23
28 3 2 28 3 25
30 4 1 30 4 26
