12 7 32 12 7 5
10 4 31 10 4 6
10 4 30 10 4 6
12 6 29 12 6 6
13 7 28 13 7 6
13 7 27 13 7 6
15 7 26 15 7 8
17 9 25 17 9 8
11 2 24 11 2 9
13 4 23 13 4 9
13 4 22 13 4 9
13 4 21 13 4 9
19 10 20 19 10 9
11 1 19 11 1 10
11 1 18 11 1 10
20 10 17 20 10 10
22 12 16 22 12 10
23 12 15 23 12 11
13 1 14 13 1 12
23 9 13 23 9 14
16 1 12 16 1 15
18 3 11 18 3 15
17 1 10 17 1 16
18 2 9 18 2 16
18 2 8 18 2 16
19 2 7 19 2 17
29 12 6 29 12 17
25 6 5 25 6 19
26 7 4 26 7 19
25 5 3 25 5 20
24 2 2 24 2 22
29 4 1 29 4 25
