12 7 39 12 7 5
10 3 38 10 3 7
14 7 37 14 7 7
16 7 36 16 7 9
18 9 35 18 9 9
12 2 34 12 2 10
20 10 33 20 10 10
14 3 32 14 3 11
22 11 31 22 11 11
16 4 30 16 4 12
18 6 29 18 6 12
18 6 28 18 6 12
20 7 27 20 7 13
25 12 26 25 12 13
16 2 25 16 2 14
17 3 24 17 3 14
24 10 23 24 10 14
30 16 22 30 16 14
18 3 21 18 3 15
24 9 20 24 9 15
17 1 19 17 1 16
17 1 18 17 1 16
20 4 17 20 4 16
22 6 16 22 6 16
29 13 15 29 13 16
27 9 14 27 9 18
22 3 13 22 3 19
23 4 12 23 4 19
28 8 11 28 8 20
22 1 10 22 1 21
25 4 9 25 4 21
26 5 8 26 5 21
23 1 7 23 1 22
24 1 6 24 1 23
29 6 5 29 6 23
30 5 4 30 5 25
30 5 3 30 5 25
28 1 2 28 1 27
30 1 1 30 1 29
