11 5 38 11 5 6
10 3 37 10 3 7
11 4 36 11 4 7
12 5 35 12 5 7
12 5 34 12 5 7
12 5 33 12 5 7
10 2 32 10 2 8
18 10 31 18 10 8
10 1 30 10 1 9
13 3 29 13 3 10
16 6 28 16 6 10
17 7 27 17 7 10
18 8 26 18 8 10
19 9 25 19 9 10
21 11 24 21 11 10
13 2 23 13 2 11
13 2 22 13 2 11
18 7 21 18 7 11
15 3 20 15 3 12
23 10 19 23 10 13
16 2 18 16 2 14
16 2 17 16 2 14
20 6 16 20 6 14
26 12 15 26 12 14
21 6 14 21 6 15
23 8 13 23 8 15
17 1 12 17 1 16
19 3 11 19 3 16
20 4 10 20 4 16
21 3 9 21 3 18
26 5 8 26 5 21
24 2 7 24 2 22
25 3 6 25 3 22
27 5 5 27 5 22
25 2 4 25 2 23
26 2 3 26 2 24
30 3 2 30 3 27
30 2 1 30 2 28
