12 6 37 12 6 6
12 6 36 12 6 6
13 7 35 13 7 6
10 3 34 10 3 7
10 1 33 10 1 9
14 5 32 14 5 9
17 8 31 17 8 9
11 1 30 11 1 10
14 4 29 14 4 10
15 4 28 15 4 11
23 12 27 23 12 11
13 1 26 13 1 12
13 1 25 13 1 12
22 10 24 22 10 12
20 7 23 20 7 13
27 14 22 27 14 13
16 2 21 16 2 14
19 5 20 19 5 14
21 7 19 21 7 14
27 13 18 27 13 14
18 3 17 18 3 15
25 10 16 25 10 15
22 6 15 22 6 16
22 6 14 22 6 16
28 12 13 28 12 16
23 6 12 23 6 17
20 2 11 20 2 18
20 1 10 20 1 19
25 5 9 25 5 20
26 6 8 26 6 20
28 8 7 28 8 20
25 4 6 25 4 21
25 3 5 25 3 22
26 3 4 26 3 23
30 3 3 30 3 27
30 3 2 30 3 27
30 2 1 30 2 28
