12 7 34 12 7 5
10 4 33 10 4 6
10 4 32 10 4 6
12 6 31 12 6 6
13 7 30 13 7 6
13 7 29 13 7 6
15 7 28 15 7 8
17 9 27 17 9 8
11 2 26 11 2 9
13 4 25 13 4 9
13 4 24 13 4 9
13 4 23 13 4 9
19 10 22 19 10 9
11 1 21 11 1 10
11 1 20 11 1 10
20 10 19 20 10 10
22 12 18 22 12 10
23 12 17 23 12 11
13 1 16 13 1 12
17 5 15 17 5 12
23 9 14 23 9 14
16 1 13 16 1 15
18 3 12 18 3 15
17 1 11 17 1 16
18 2 10 18 2 16
18 2 9 18 2 16
19 2 8 19 2 17
29 12 7 29 12 17
25 6 6 25 6 19
26 7 5 26 7 19
25 5 4 25 5 20
23 1 3 23 1 22
24 2 2 24 2 22
29 4 1 29 4 25
