10 5 33 10 5 5
10 3 32 10 3 7
12 5 31 12 5 7
13 5 30 13 5 8
14 6 29 14 6 8
14 6 28 14 6 8
17 9 27 17 9 8
14 5 26 14 5 9
20 11 25 20 11 9
11 1 24 11 1 10
13 3 23 13 3 10
13 2 22 13 2 11
22 11 21 22 11 11
13 1 20 13 1 12
18 6 19 18 6 12
20 8 18 20 8 12
23 10 17 23 10 13
22 8 16 22 8 14
24 10 15 24 10 14
17 2 14 17 2 15
17 2 13 17 2 15
23 8 12 23 8 15
26 11 11 26 11 15
23 6 10 23 6 17
29 12 9 29 12 17
22 2 8 22 2 20
23 3 7 23 3 20
28 7 6 28 7 21
24 1 5 24 1 23
25 2 4 25 2 23
27 4 3 27 4 23
26 1 2 26 1 25
29 3 1 29 3 26
