15 8 34 15 8 7
14 6 33 14 6 8
12 3 32 12 3 9
15 6 31 15 6 9
16 6 30 16 6 10
17 7 29 17 7 10
12 1 28 12 1 11
15 3 27 15 3 12
18 6 26 18 6 12
21 9 25 21 9 12
23 11 24 23 11 12
15 2 23 15 2 13
16 3 22 16 3 13
19 5 21 19 5 14
21 7 20 21 7 14
23 9 19 23 9 14
28 14 18 28 14 14
27 12 17 27 12 15
20 4 16 20 4 16
28 12 15 28 12 16
30 14 14 30 14 16
26 9 13 26 9 17
20 2 12 20 2 18
23 4 11 23 4 19
30 11 10 30 11 19
26 6 9 26 6 20
22 1 8 22 1 21
30 9 7 30 9 21
26 4 6 26 4 22
30 8 5 30 8 22
27 4 4 27 4 23
28 5 3 28 5 23
30 7 2 30 7 23
29 2 1 29 2 27
