13 7 33 13 7 6
11 4 32 11 4 7
12 5 31 12 5 7
14 6 30 14 6 8
15 7 29 15 7 8
10 1 28 10 1 9
14 5 27 14 5 9
16 7 26 16 7 9
19 10 25 19 10 9
11 1 24 11 1 10
13 2 23 13 2 11
16 5 22 16 5 11
24 13 21 24 13 11
17 5 20 17 5 12
23 11 19 23 11 12
17 4 18 17 4 13
18 5 17 18 5 13
21 8 16 21 8 13
22 7 15 22 7 15
21 5 14 21 5 16
28 12 13 28 12 16
28 12 12 28 12 16
29 12 11 29 12 17
27 9 10 27 9 18
20 1 9 20 1 19
26 7 8 26 7 19
21 1 7 21 1 20
24 4 6 24 4 20
29 8 5 29 8 21
29 7 4 29 7 22
24 1 3 24 1 23
29 5 2 29 5 24
30 5 1 30 5 25
