10 5 32 10 5 5
10 4 31 10 4 6
11 4 30 11 4 7
12 5 29 12 5 7
15 8 28 15 8 7
16 9 27 16 9 7
14 6 26 14 6 8
20 11 25 20 11 9
11 1 24 11 1 10
13 1 23 13 1 12
14 2 22 14 2 12
14 2 21 14 2 12
16 4 20 16 4 12
27 14 19 27 14 13
28 15 18 28 15 13
17 3 17 17 3 14
23 8 16 23 8 15
19 3 15 19 3 16
26 10 14 26 10 16
18 1 13 18 1 17
25 7 12 25 7 18
20 1 11 20 1 19
23 4 10 23 4 19
24 5 9 24 5 19
30 11 8 30 11 19
22 1 7 22 1 21
25 1 6 25 1 24
28 4 5 28 4 24
28 4 4 28 4 24
27 1 3 27 1 26
29 2 2 29 2 27
30 1 1 30 1 29
