11 5 33 11 5 6
10 3 32 10 3 7
11 4 31 11 4 7
12 5 30 12 5 7
12 5 29 12 5 7
12 5 28 12 5 7
10 2 27 10 2 8
18 10 26 18 10 8
10 1 25 10 1 9
16 6 24 16 6 10
17 7 23 17 7 10
18 8 22 18 8 10
19 9 21 19 9 10
21 11 20 21 11 10
13 2 19 13 2 11
13 2 18 13 2 11
18 7 17 18 7 11
15 3 16 15 3 12
16 2 15 16 2 14
16 2 14 16 2 14
20 6 13 20 6 14
26 12 12 26 12 14
23 8 11 23 8 15
17 1 10 17 1 16
19 3 9 19 3 16
20 4 8 20 4 16
24 2 7 24 2 22
25 3 6 25 3 22
27 5 5 27 5 22
25 2 4 25 2 23
26 2 3 26 2 24
30 3 2 30 3 27
30 2 1 30 2 28
