10 5 32 10 5 5
10 4 31 10 4 6
14 8 30 14 8 6
11 4 29 11 4 7
13 6 28 13 6 7
11 3 27 11 3 8
11 3 26 11 3 8
12 3 25 12 3 9
17 8 24 17 8 9
16 5 23 16 5 11
24 13 22 24 13 11
15 3 21 15 3 12
17 3 20 17 3 14
17 3 19 17 3 14
17 2 18 17 2 15
27 12 17 27 12 15
30 15 16 30 15 15
19 2 15 19 2 17
27 10 14 27 10 17
28 11 13 28 11 17
19 1 12 19 1 18
19 1 11 19 1 18
25 7 10 25 7 18
28 9 9 28 9 19
26 6 8 26 6 20
23 2 7 23 2 21
30 9 6 30 9 21
28 6 5 28 6 22
30 8 4 30 8 22
29 6 3 29 6 23
29 6 2 29 6 23
27 2 1 27 2 25
