12 7 34 12 7 5
11 4 33 11 4 7
12 5 32 12 5 7
10 2 31 10 2 8
13 5 30 13 5 8
20 11 29 20 11 9
13 3 28 13 3 10
17 7 27 17 7 10
18 8 26 18 8 10
19 9 25 19 9 10
13 2 24 13 2 11
22 11 23 22 11 11
16 4 22 16 4 12
16 4 21 16 4 12
26 13 20 26 13 13
16 2 19 16 2 14
20 6 18 20 6 14
22 8 17 22 8 14
21 5 16 21 5 16
20 3 15 20 3 17
20 3 14 20 3 17
22 4 13 22 4 18
22 4 12 22 4 18
23 5 11 23 5 18
27 9 10 27 9 18
21 2 9 21 2 19
28 9 8 28 9 19
30 11 7 30 11 19
25 5 6 25 5 20
27 7 5 27 7 20
30 9 4 30 9 21
28 6 3 28 6 22
27 4 2 27 4 23
29 2 1 29 2 27
