10 5 35 10 5 5
10 3 34 10 3 7
12 5 33 12 5 7
13 5 32 13 5 8
14 6 31 14 6 8
14 6 30 14 6 8
17 9 29 17 9 8
14 5 28 14 5 9
20 11 27 20 11 9
11 1 26 11 1 10
13 3 25 13 3 10
13 2 24 13 2 11
22 11 23 22 11 11
13 1 22 13 1 12
18 6 21 18 6 12
20 8 20 20 8 12
23 10 19 23 10 13
21 7 18 21 7 14
22 8 17 22 8 14
24 10 16 24 10 14
17 2 15 17 2 15
17 2 14 17 2 15
23 8 13 23 8 15
26 11 12 26 11 15
23 6 11 23 6 17
29 12 10 29 12 17
28 9 9 28 9 19
22 2 8 22 2 20
23 3 7 23 3 20
28 7 6 28 7 21
24 1 5 24 1 23
25 2 4 25 2 23
27 4 3 27 4 23
26 1 2 26 1 25
29 3 1 29 3 26
