12 7 33 12 7 5
11 4 32 11 4 7
12 5 31 12 5 7
10 2 30 10 2 8
13 5 29 13 5 8
20 11 28 20 11 9
13 3 27 13 3 10
17 7 26 17 7 10
18 8 25 18 8 10
19 9 24 19 9 10
13 2 23 13 2 11
22 11 22 22 11 11
16 4 21 16 4 12
16 4 20 16 4 12
26 13 19 26 13 13
16 2 18 16 2 14
20 6 17 20 6 14
22 8 16 22 8 14
21 5 15 21 5 16
20 3 14 20 3 17
20 3 13 20 3 17
22 4 12 22 4 18
22 4 11 22 4 18
23 5 10 23 5 18
27 9 9 27 9 18
21 2 8 21 2 19
28 9 7 28 9 19
30 11 6 30 11 19
25 5 5 25 5 20
30 9 4 30 9 21
28 6 3 28 6 22
27 4 2 27 4 23
29 2 1 29 2 27
