12 7 35 12 7 5
11 5 34 11 5 6
12 5 33 12 5 7
10 2 32 10 2 8
14 6 31 14 6 8
16 8 30 16 8 8
21 10 29 21 10 11
14 2 28 14 2 12
16 4 27 16 4 12
14 1 26 14 1 13
14 1 25 14 1 13
14 1 24 14 1 13
17 4 23 17 4 13
20 7 22 20 7 13
20 7 21 20 7 13
22 9 20 22 9 13
18 4 19 18 4 14
20 6 18 20 6 14
19 4 17 19 4 15
19 4 16 19 4 15
20 5 15 20 5 15
27 12 14 27 12 15
28 12 13 28 12 16
30 14 12 30 14 16
22 4 11 22 4 18
29 10 10 29 10 19
27 7 9 27 7 20
28 8 8 28 8 20
24 3 7 24 3 21
27 6 6 27 6 21
29 5 5 29 5 24
26 1 4 26 1 25
27 1 3 27 1 26
29 3 2 29 3 26
29 1 1 29 1 28
