11 5 35 11 5 6
12 6 34 12 6 6
13 7 33 13 7 6
13 6 32 13 6 7
13 5 31 13 5 8
14 6 30 14 6 8
15 7 29 15 7 8
10 1 28 10 1 9
12 2 27 12 2 10
12 1 26 12 1 11
15 4 25 15 4 11
17 5 24 17 5 12
18 5 23 18 5 13
22 9 22 22 9 13
26 12 21 26 12 14
29 15 20 29 15 14
23 8 19 23 8 15
29 14 18 29 14 15
27 11 17 27 11 16
20 3 16 20 3 17
21 3 15 21 3 18
29 11 14 29 11 18
29 11 13 29 11 18
26 6 12 26 6 20
27 7 11 27 7 20
22 1 10 22 1 21
23 2 9 23 2 21
26 5 8 26 5 21
26 5 7 26 5 21
27 5 6 27 5 22
28 6 5 28 6 22
30 8 4 30 8 22
24 1 3 24 1 23
29 3 2 29 3 26
30 4 1 30 4 26
