12 5 33 12 5 7
13 6 32 13 6 7
11 2 31 11 2 9
17 8 30 17 8 9
11 1 29 11 1 10
13 3 28 13 3 10
13 3 27 13 3 10
19 9 26 19 9 10
15 4 25 15 4 11
18 7 24 18 7 11
23 12 23 23 12 11
15 3 22 15 3 12
17 5 21 17 5 12
23 11 20 23 11 12
23 10 19 23 10 13
17 3 18 17 3 14
17 2 17 17 2 15
18 3 16 18 3 15
23 8 15 23 8 15
25 10 14 25 10 15
25 10 13 25 10 15
19 3 12 19 3 16
20 3 11 20 3 17
26 9 10 26 9 17
27 9 9 27 9 18
28 10 8 28 10 18
29 11 7 29 11 18
20 1 6 20 1 19
23 4 5 23 4 19
26 6 4 26 6 20
27 4 3 27 4 23
26 2 2 26 2 24
26 2 1 26 2 24
