13 7 32 13 7 6
12 4 31 12 4 8
13 5 30 13 5 8
14 6 29 14 6 8
14 6 28 14 6 8
20 11 27 20 11 9
20 11 26 20 11 9
14 4 25 14 4 10
14 3 24 14 3 11
23 12 23 23 12 11
13 1 22 13 1 12
24 12 21 24 12 12
14 1 20 14 1 13
23 10 19 23 10 13
23 10 18 23 10 13
28 15 17 28 15 13
21 6 16 21 6 15
28 13 15 28 13 15
26 10 14 26 10 16
26 10 13 26 10 16
27 11 12 27 11 16
23 6 11 23 6 17
21 1 10 21 1 20
21 1 9 21 1 20
22 2 8 22 2 20
27 7 7 27 7 20
22 1 6 22 1 21
26 4 5 26 4 22
27 4 4 27 4 23
27 4 3 27 4 23
27 3 2 27 3 24
28 4 1 28 4 24
