11 5 36 11 5 6
13 7 35 13 7 6
12 5 34 12 5 7
10 2 33 10 2 8
10 2 32 10 2 8
16 8 31 16 8 8
14 5 30 14 5 9
19 10 29 19 10 9
13 3 28 13 3 10
14 4 27 14 4 10
17 6 26 17 6 11
13 1 25 13 1 12
14 2 24 14 2 12
15 3 23 15 3 12
28 15 22 28 15 13
28 15 21 28 15 13
16 2 20 16 2 14
17 3 19 17 3 14
20 6 18 20 6 14
20 6 17 20 6 14
25 11 16 25 11 14
20 5 15 20 5 15
17 1 14 17 1 16
26 10 13 26 10 16
21 4 12 21 4 17
28 11 11 28 11 17
22 4 10 22 4 18
29 11 9 29 11 18
23 3 8 23 3 20
24 4 7 24 4 20
23 2 6 23 2 21
30 9 5 30 9 21
23 1 4 23 1 22
24 1 3 24 1 23
26 2 2 26 2 24
30 4 1 30 4 26
