12 7 35 12 7 5
10 3 34 10 3 7
14 7 33 14 7 7
16 7 32 16 7 9
18 9 31 18 9 9
12 2 30 12 2 10
22 11 29 22 11 11
16 4 28 16 4 12
18 6 27 18 6 12
18 6 26 18 6 12
20 7 25 20 7 13
25 12 24 25 12 13
16 2 23 16 2 14
17 3 22 17 3 14
24 10 21 24 10 14
30 16 20 30 16 14
18 3 19 18 3 15
24 9 18 24 9 15
17 1 17 17 1 16
17 1 16 17 1 16
22 6 15 22 6 16
27 9 14 27 9 18
22 3 13 22 3 19
23 4 12 23 4 19
28 8 11 28 8 20
22 1 10 22 1 21
25 4 9 25 4 21
26 5 8 26 5 21
23 1 7 23 1 22
24 1 6 24 1 23
29 6 5 29 6 23
30 5 4 30 5 25
30 5 3 30 5 25
28 1 2 28 1 27
30 1 1 30 1 29
