10 5 36 10 5 5
10 4 35 10 4 6
14 8 34 14 8 6
11 4 33 11 4 7
12 5 32 12 5 7
13 6 31 13 6 7
11 3 30 11 3 8
11 3 29 11 3 8
12 3 28 12 3 9
17 8 27 17 8 9
16 5 26 16 5 11
24 13 25 24 13 11
14 2 24 14 2 12
15 3 23 15 3 12
17 3 22 17 3 14
17 3 21 17 3 14
17 2 20 17 2 15
27 12 19 27 12 15
30 15 18 30 15 15
19 2 17 19 2 17
27 10 16 27 10 17
28 11 15 28 11 17
19 1 14 19 1 18
19 1 13 19 1 18
25 7 12 25 7 18
21 2 11 21 2 19
23 4 10 23 4 19
28 9 9 28 9 19
26 6 8 26 6 20
23 2 7 23 2 21
30 9 6 30 9 21
28 6 5 28 6 22
30 8 4 30 8 22
29 6 3 29 6 23
29 6 2 29 6 23
27 2 1 27 2 25
