13 7 32 13 7 6
11 4 31 11 4 7
12 5 30 12 5 7
14 6 29 14 6 8
15 7 28 15 7 8
10 1 27 10 1 9
14 5 26 14 5 9
16 7 25 16 7 9
19 10 24 19 10 9
11 1 23 11 1 10
13 2 22 13 2 11
16 5 21 16 5 11
24 13 20 24 13 11
17 5 19 17 5 12
23 11 18 23 11 12
17 4 17 17 4 13
18 5 16 18 5 13
21 8 15 21 8 13
22 7 14 22 7 15
21 5 13 21 5 16
28 12 12 28 12 16
28 12 11 28 12 16
29 12 10 29 12 17
27 9 9 27 9 18
20 1 8 20 1 19
26 7 7 26 7 19
24 4 6 24 4 20
29 8 5 29 8 21
29 7 4 29 7 22
24 1 3 24 1 23
29 5 2 29 5 24
30 5 1 30 5 25
