11 5 32 11 5 6
10 3 31 10 3 7
16 9 30 16 9 7
12 4 29 12 4 8
16 8 28 16 8 8
12 3 27 12 3 9
11 1 26 11 1 10
14 4 25 14 4 10
21 11 24 21 11 10
12 1 23 12 1 11
16 4 22 16 4 12
20 8 21 20 8 12
23 11 20 23 11 12
24 12 19 24 12 12
22 9 18 22 9 13
24 11 17 24 11 13
15 1 16 15 1 14
18 4 15 18 4 14
22 7 14 22 7 15
25 10 13 25 10 15
17 1 12 17 1 16
21 4 11 21 4 17
28 11 10 28 11 17
26 8 9 26 8 18
29 11 8 29 11 18
23 4 7 23 4 19
26 5 6 26 5 21
26 4 5 26 4 22
30 7 4 30 7 23
28 4 3 28 4 24
29 5 2 29 5 24
30 5 1 30 5 25
