12 6 36 12 6 6
11 4 35 11 4 7
11 3 34 11 3 8
15 7 33 15 7 8
16 8 32 16 8 8
17 9 31 17 9 8
13 4 30 13 4 9
15 6 29 15 6 9
11 1 28 11 1 10
15 5 27 15 5 10
22 11 26 22 11 11
13 1 25 13 1 12
19 7 24 19 7 12
21 9 23 21 9 12
23 11 22 23 11 12
17 4 21 17 4 13
17 4 20 17 4 13
26 13 19 26 13 13
19 5 18 19 5 14
19 5 17 19 5 14
27 13 16 27 13 14
18 3 15 18 3 15
20 4 14 20 4 16
28 12 13 28 12 16
23 6 12 23 6 17
23 5 11 23 5 18
25 7 10 25 7 18
23 4 9 23 4 19
24 4 8 24 4 20
23 2 7 23 2 21
23 1 6 23 1 22
24 2 5 24 2 22
29 7 4 29 7 22
24 1 3 24 1 23
27 2 2 27 2 25
29 1 1 29 1 28
