14 8 32 14 8 6
10 2 31 10 2 8
12 3 30 12 3 9
18 9 29 18 9 9
15 5 28 15 5 10
20 10 27 20 10 10
15 4 26 15 4 11
19 8 25 19 8 11
17 5 24 17 5 12
22 10 23 22 10 12
22 9 22 22 9 13
22 9 21 22 9 13
26 13 20 26 13 13
15 1 19 15 1 14
25 11 18 25 11 14
23 7 17 23 7 16
20 3 16 20 3 17
21 4 15 21 4 17
23 6 14 23 6 17
25 8 13 25 8 17
29 12 12 29 12 17
19 1 11 19 1 18
28 10 10 28 10 18
26 7 9 26 7 19
26 7 8 26 7 19
27 7 7 27 7 20
29 9 6 29 9 20
22 1 5 22 1 21
24 3 4 24 3 21
27 6 3 27 6 21
25 3 2 25 3 22
25 2 1 25 2 23
