12 6 32 12 6 6
13 7 31 13 7 6
10 3 30 10 3 7
10 1 29 10 1 9
17 8 28 17 8 9
11 1 27 11 1 10
14 4 26 14 4 10
15 4 25 15 4 11
13 1 24 13 1 12
13 1 23 13 1 12
22 10 22 22 10 12
20 7 21 20 7 13
27 14 20 27 14 13
16 2 19 16 2 14
19 5 18 19 5 14
21 7 17 21 7 14
18 3 16 18 3 15
25 10 15 25 10 15
22 6 14 22 6 16
22 6 13 22 6 16
28 12 12 28 12 16
23 6 11 23 6 17
20 2 10 20 2 18
20 1 9 20 1 19
25 5 8 25 5 20
26 6 7 26 6 20
28 8 6 28 8 20
25 4 5 25 4 21
25 3 4 25 3 22
26 3 3 26 3 23
30 3 2 30 3 27
30 2 1 30 2 28
