14 8 38 14 8 6
14 7 37 14 7 7
16 9 36 16 9 7
15 7 35 15 7 8
18 9 34 18 9 9
11 1 33 11 1 10
12 2 32 12 2 10
13 3 31 13 3 10
19 9 30 19 9 10
13 2 29 13 2 11
17 6 28 17 6 11
20 8 27 20 8 12
23 11 26 23 11 12
16 3 25 16 3 13
18 5 24 18 5 13
17 3 23 17 3 14
19 5 22 19 5 14
17 2 21 17 2 15
18 3 20 18 3 15
23 8 19 23 8 15
25 9 18 25 9 16
30 14 17 30 14 16
19 2 16 19 2 17
28 11 15 28 11 17
20 2 14 20 2 18
21 3 13 21 3 18
27 9 12 27 9 18
21 1 11 21 1 20
23 2 10 23 2 21
24 3 9 24 3 21
26 5 8 26 5 21
28 7 7 28 7 21
30 9 6 30 9 21
23 1 5 23 1 22
25 3 4 25 3 22
26 2 3 26 2 24
28 4 2 28 4 24
27 1 1 27 1 26
