12 6 38 12 6 6
12 6 37 12 6 6
13 7 36 13 7 6
10 3 35 10 3 7
10 1 34 10 1 9
14 5 33 14 5 9
17 8 32 17 8 9
11 1 31 11 1 10
14 4 30 14 4 10
15 4 29 15 4 11
23 12 28 23 12 11
13 1 27 13 1 12
13 1 26 13 1 12
22 10 25 22 10 12
20 7 24 20 7 13
27 14 23 27 14 13
16 2 22 16 2 14
19 5 21 19 5 14
21 7 20 21 7 14
27 13 19 27 13 14
18 3 18 18 3 15
25 10 17 25 10 15
22 6 16 22 6 16
22 6 15 22 6 16
28 12 14 28 12 16
23 6 13 23 6 17
20 2 12 20 2 18
20 1 11 20 1 19
22 2 10 22 2 20
25 5 9 25 5 20
26 6 8 26 6 20
28 8 7 28 8 20
25 4 6 25 4 21
25 3 5 25 3 22
26 3 4 26 3 23
30 3 3 30 3 27
30 3 2 30 3 27
30 2 1 30 2 28
