12 7 33 12 7 5
10 4 32 10 4 6
10 4 31 10 4 6
12 6 30 12 6 6
13 7 29 13 7 6
13 7 28 13 7 6
15 7 27 15 7 8
17 9 26 17 9 8
11 2 25 11 2 9
13 4 24 13 4 9
13 4 23 13 4 9
13 4 22 13 4 9
19 10 21 19 10 9
11 1 20 11 1 10
11 1 19 11 1 10
20 10 18 20 10 10
22 12 17 22 12 10
23 12 16 23 12 11
13 1 15 13 1 12
23 9 14 23 9 14
16 1 13 16 1 15
18 3 12 18 3 15
17 1 11 17 1 16
18 2 10 18 2 16
18 2 9 18 2 16
19 2 8 19 2 17
29 12 7 29 12 17
25 6 6 25 6 19
26 7 5 26 7 19
25 5 4 25 5 20
23 1 3 23 1 22
24 2 2 24 2 22
29 4 1 29 4 25
