11 5 32 11 5 6
12 6 31 12 6 6
13 7 30 13 7 6
13 6 29 13 6 7
13 5 28 13 5 8
14 6 27 14 6 8
15 7 26 15 7 8
10 1 25 10 1 9
12 2 24 12 2 10
12 1 23 12 1 11
15 4 22 15 4 11
17 5 21 17 5 12
22 9 20 22 9 13
26 12 19 26 12 14
29 15 18 29 15 14
23 8 17 23 8 15
29 14 16 29 14 15
27 11 15 27 11 16
20 3 14 20 3 17
21 3 13 21 3 18
29 11 12 29 11 18
27 7 11 27 7 20
22 1 10 22 1 21
23 2 9 23 2 21
26 5 8 26 5 21
26 5 7 26 5 21
27 5 6 27 5 22
28 6 5 28 6 22
30 8 4 30 8 22
24 1 3 24 1 23
29 3 2 29 3 26
30 4 1 30 4 26
