15 7 32 15 7 8
16 8 31 16 8 8
14 5 30 14 5 9
15 6 29 15 6 9
18 9 28 18 9 9
18 9 27 18 9 9
11 1 26 11 1 10
12 2 25 12 2 10
15 5 24 15 5 10
20 10 23 20 10 10
14 3 22 14 3 11
21 10 21 21 10 11
13 1 20 13 1 12
22 9 19 22 9 13
23 9 18 23 9 14
25 11 17 25 11 14
25 11 16 25 11 14
27 13 15 27 13 14
21 6 14 21 6 15
30 15 13 30 15 15
17 1 12 17 1 16
19 3 11 19 3 16
20 4 10 20 4 16
18 1 9 18 1 17
25 7 8 25 7 18
22 3 7 22 3 19
23 4 6 23 4 19
28 6 5 28 6 22
29 6 4 29 6 23
30 7 3 30 7 23
28 3 2 28 3 25
30 4 1 30 4 26
