11 5 33 11 5 6
11 5 32 11 5 6
14 8 31 14 8 6
14 7 30 14 7 7
14 7 29 14 7 7
10 2 28 10 2 8
12 4 27 12 4 8
16 8 26 16 8 8
16 7 25 16 7 9
11 1 24 11 1 10
13 3 23 13 3 10
13 2 22 13 2 11
15 4 21 15 4 11
13 1 20 13 1 12
15 3 19 15 3 12
18 6 18 18 6 12
22 10 17 22 10 12
19 5 16 19 5 14
22 8 15 22 8 14
30 15 14 30 15 15
17 1 13 17 1 16
22 6 12 22 6 16
20 3 11 20 3 17
22 5 10 22 5 17
22 3 9 22 3 19
26 7 8 26 7 19
30 11 7 30 11 19
27 6 6 27 6 21
28 6 5 28 6 22
26 2 4 26 2 24
28 3 3 28 3 25
30 5 2 30 5 25
30 3 1 30 3 27
