10 5 33 10 5 5
11 4 32 11 4 7
11 3 31 11 3 8
13 5 30 13 5 8
11 2 29 11 2 9
11 1 28 11 1 10
12 2 27 12 2 10
15 5 26 15 5 10
16 6 25 16 6 10
19 9 24 19 9 10
15 4 23 15 4 11
20 8 22 20 8 12
26 14 21 26 14 12
26 14 20 26 14 12
15 2 19 15 2 13
23 10 18 23 10 13
25 12 17 25 12 13
19 5 16 19 5 14
19 5 15 19 5 14
22 8 14 22 8 14
17 2 13 17 2 15
20 4 12 20 4 16
26 10 11 26 10 16
23 6 10 23 6 17
23 5 9 23 5 18
29 11 8 29 11 18
24 5 7 24 5 19
24 3 6 24 3 21
27 6 5 27 6 21
26 2 4 26 2 24
28 4 3 28 4 24
27 1 2 27 1 26
28 1 1 28 1 27
