10 5 33 10 5 5
10 5 32 10 5 5
14 8 31 14 8 6
11 4 30 11 4 7
16 9 29 16 9 7
17 9 28 17 9 8
12 3 27 12 3 9
18 8 26 18 8 10
13 2 25 13 2 11
16 4 24 16 4 12
15 2 23 15 2 13
20 7 22 20 7 13
22 9 21 22 9 13
15 1 20 15 1 14
17 3 19 17 3 14
26 12 18 26 12 14
21 6 17 21 6 15
21 6 16 21 6 15
22 7 15 22 7 15
28 13 14 28 13 15
28 13 13 28 13 15
27 11 12 27 11 16
28 12 11 28 12 16
19 1 10 19 1 18
23 5 9 23 5 18
30 12 8 30 12 18
26 6 7 26 6 20
26 4 6 26 4 22
27 5 5 27 5 22
27 5 4 27 5 22
30 7 3 30 7 23
30 4 2 30 4 26
30 3 1 30 3 27
