10 5 36 10 5 5
11 4 35 11 4 7
10 2 34 10 2 8
11 3 33 11 3 8
13 5 32 13 5 8
11 2 31 11 2 9
11 1 30 11 1 10
12 2 29 12 2 10
15 5 28 15 5 10
16 6 27 16 6 10
19 9 26 19 9 10
15 4 25 15 4 11
20 8 24 20 8 12
26 14 23 26 14 12
26 14 22 26 14 12
15 2 21 15 2 13
23 10 20 23 10 13
25 12 19 25 12 13
19 5 18 19 5 14
19 5 17 19 5 14
19 5 16 19 5 14
22 8 15 22 8 14
17 2 14 17 2 15
20 4 13 20 4 16
26 10 12 26 10 16
23 6 11 23 6 17
23 5 10 23 5 18
29 11 9 29 11 18
24 5 8 24 5 19
24 3 7 24 3 21
27 6 6 27 6 21
24 2 5 24 2 22
26 2 4 26 2 24
28 4 3 28 4 24
27 1 2 27 1 26
28 1 1 28 1 27
