11 4 39 11 4 7
10 2 38 10 2 8
11 3 37 11 3 8
15 7 36 15 7 8
15 7 35 15 7 8
10 1 34 10 1 9
12 3 33 12 3 9
13 4 32 13 4 9
11 1 31 11 1 10
15 5 30 15 5 10
17 7 29 17 7 10
20 10 28 20 10 10
13 2 27 13 2 11
18 7 26 18 7 11
19 8 25 19 8 11
17 5 24 17 5 12
19 7 23 19 7 12
23 11 22 23 11 12
23 11 21 23 11 12
15 2 20 15 2 13
24 11 19 24 11 13
26 13 18 26 13 13
17 3 17 17 3 14
16 1 16 16 1 15
16 1 15 16 1 15
17 2 14 17 2 15
18 3 13 18 3 15
21 6 12 21 6 15
18 1 11 18 1 17
19 1 10 19 1 18
22 4 9 22 4 18
30 12 8 30 12 18
22 3 7 22 3 19
30 10 6 30 10 20
22 1 5 22 1 21
24 3 4 24 3 21
27 6 3 27 6 21
24 1 2 24 1 23
28 5 1 28 5 23
