10 5 34 10 5 5
10 4 33 10 4 6
11 4 32 11 4 7
12 5 31 12 5 7
15 8 30 15 8 7
16 9 29 16 9 7
14 6 28 14 6 8
10 1 27 10 1 9
20 11 26 20 11 9
11 1 25 11 1 10
13 1 24 13 1 12
14 2 23 14 2 12
14 2 22 14 2 12
16 4 21 16 4 12
27 14 20 27 14 13
28 15 19 28 15 13
17 3 18 17 3 14
23 8 17 23 8 15
19 3 16 19 3 16
26 10 15 26 10 16
18 1 14 18 1 17
25 7 13 25 7 18
20 1 12 20 1 19
23 4 11 23 4 19
24 5 10 24 5 19
30 11 9 30 11 19
22 1 8 22 1 21
25 3 7 25 3 22
25 1 6 25 1 24
28 4 5 28 4 24
28 4 4 28 4 24
27 1 3 27 1 26
29 2 2 29 2 27
30 1 1 30 1 29
