12 7 33 12 7 5
12 5 32 12 5 7
12 5 31 12 5 7
14 7 30 14 7 7
10 2 29 10 2 8
11 3 28 11 3 8
12 4 27 12 4 8
18 9 26 18 9 9
18 9 25 18 9 9
11 1 24 11 1 10
15 3 23 15 3 12
18 6 22 18 6 12
15 2 21 15 2 13
16 3 20 16 3 13
25 11 19 25 11 14
29 15 18 29 15 14
19 4 17 19 4 15
21 6 16 21 6 15
23 8 15 23 8 15
24 9 14 24 9 15
30 15 13 30 15 15
21 5 12 21 5 16
22 6 11 22 6 16
27 11 10 27 11 16
24 7 9 24 7 17
25 8 8 25 8 17
22 4 7 22 4 18
27 8 6 27 8 19
21 1 5 21 1 20
23 3 4 23 3 20
24 4 3 24 4 20
30 8 2 30 8 22
27 1 1 27 1 26
