10 6 35 10 6 4
11 6 34 11 6 5
12 7 33 12 7 5
10 3 32 10 3 7
10 1 31 10 1 9
12 3 30 12 3 9
12 3 29 12 3 9
14 5 28 14 5 9
15 4 27 15 4 11
16 5 26 16 5 11
16 4 25 16 4 12
16 4 24 16 4 12
17 5 23 17 5 12
18 6 22 18 6 12
20 8 21 20 8 12
14 1 20 14 1 13
15 1 19 15 1 14
15 1 18 15 1 14
18 4 17 18 4 14
22 8 16 22 8 14
23 9 15 23 9 14
24 10 14 24 10 14
17 2 13 17 2 15
22 7 12 22 7 15
26 11 11 26 11 15
20 4 10 20 4 16
19 2 9 19 2 17
29 12 8 29 12 17
30 13 7 30 13 17
20 2 6 20 2 18
25 6 5 25 6 19
24 4 4 24 4 20
26 6 3 26 6 20
26 2 2 26 2 24
29 3 1 29 3 26
