15 8 32 15 8 7
14 6 31 14 6 8
12 3 30 12 3 9
15 6 29 15 6 9
16 6 28 16 6 10
17 7 27 17 7 10
12 1 26 12 1 11
15 3 25 15 3 12
18 6 24 18 6 12
21 9 23 21 9 12
23 11 22 23 11 12
15 2 21 15 2 13
16 3 20 16 3 13
21 7 19 21 7 14
23 9 18 23 9 14
28 14 17 28 14 14
27 12 16 27 12 15
20 4 15 20 4 16
28 12 14 28 12 16
30 14 13 30 14 16
26 9 12 26 9 17
20 2 11 20 2 18
23 4 10 23 4 19
30 11 9 30 11 19
26 6 8 26 6 20
22 1 7 22 1 21
30 9 6 30 9 21
26 4 5 26 4 22
30 8 4 30 8 22
27 4 3 27 4 23
30 7 2 30 7 23
29 2 1 29 2 27
