10 5 37 10 5 5
10 4 36 10 4 6
12 6 35 12 6 6
11 4 34 11 4 7
12 5 33 12 5 7
15 8 32 15 8 7
16 9 31 16 9 7
14 6 30 14 6 8
10 1 29 10 1 9
20 11 28 20 11 9
11 1 27 11 1 10
16 6 26 16 6 10
13 1 25 13 1 12
14 2 24 14 2 12
14 2 23 14 2 12
16 4 22 16 4 12
27 14 21 27 14 13
28 15 20 28 15 13
17 3 19 17 3 14
23 8 18 23 8 15
19 3 17 19 3 16
26 10 16 26 10 16
18 1 15 18 1 17
25 7 14 25 7 18
20 1 13 20 1 19
23 4 12 23 4 19
24 5 11 24 5 19
30 11 10 30 11 19
22 1 9 22 1 21
24 2 8 24 2 22
25 3 7 25 3 22
25 1 6 25 1 24
28 4 5 28 4 24
28 4 4 28 4 24
27 1 3 27 1 26
29 2 2 29 2 27
30 1 1 30 1 29
