11 5 35 11 5 6
10 3 34 10 3 7
11 4 33 11 4 7
12 5 32 12 5 7
12 5 31 12 5 7
12 5 30 12 5 7
10 2 29 10 2 8
18 10 28 18 10 8
10 1 27 10 1 9
16 6 26 16 6 10
17 7 25 17 7 10
18 8 24 18 8 10
19 9 23 19 9 10
21 11 22 21 11 10
13 2 21 13 2 11
13 2 20 13 2 11
18 7 19 18 7 11
15 3 18 15 3 12
16 2 17 16 2 14
16 2 16 16 2 14
20 6 15 20 6 14
26 12 14 26 12 14
21 6 13 21 6 15
23 8 12 23 8 15
17 1 11 17 1 16
19 3 10 19 3 16
20 4 9 20 4 16
26 5 8 26 5 21
24 2 7 24 2 22
25 3 6 25 3 22
27 5 5 27 5 22
25 2 4 25 2 23
26 2 3 26 2 24
30 3 2 30 3 27
30 2 1 30 2 28
