10 5 32 10 5 5
12 7 31 12 7 5
11 5 30 11 5 6
10 3 29 10 3 7
12 5 28 12 5 7
14 6 27 14 6 8
16 8 26 16 8 8
13 4 25 13 4 9
18 9 24 18 9 9
12 2 23 12 2 10
14 4 22 14 4 10
15 4 21 15 4 11
26 14 20 26 14 12
14 1 19 14 1 13
18 5 18 18 5 13
18 4 17 18 4 14
25 11 16 25 11 14
25 11 15 25 11 14
19 4 14 19 4 15
19 4 13 19 4 15
26 11 12 26 11 15
26 10 11 26 10 16
18 1 10 18 1 17
24 7 9 24 7 17
26 9 8 26 9 17
28 11 7 28 11 17
23 5 6 23 5 18
20 1 5 20 1 19
21 2 4 21 2 19
27 7 3 27 7 20
22 1 2 22 1 21
26 1 1 26 1 25
