12 7 32 12 7 5
14 8 31 14 8 6
11 4 30 11 4 7
12 5 29 12 5 7
13 6 28 13 6 7
16 9 27 16 9 7
11 3 26 11 3 8
11 3 25 11 3 8
10 1 24 10 1 9
11 2 23 11 2 9
11 2 22 11 2 9
11 1 21 11 1 10
15 5 20 15 5 10
18 8 19 18 8 10
15 3 18 15 3 12
19 7 17 19 7 12
24 12 16 24 12 12
15 2 15 15 2 13
15 1 14 15 1 14
15 1 13 15 1 14
18 4 12 18 4 14
25 11 11 25 11 14
27 13 10 27 13 14
23 7 9 23 7 16
23 7 8 23 7 16
26 9 7 26 9 17
28 11 6 28 11 17
26 7 5 26 7 19
27 8 4 27 8 19
21 1 3 21 1 20
25 4 2 25 4 21
29 7 1 29 7 22
