13 7 31 13 7 6
12 4 30 12 4 8
13 5 29 13 5 8
14 6 28 14 6 8
14 6 27 14 6 8
20 11 26 20 11 9
20 11 25 20 11 9
14 4 24 14 4 10
14 3 23 14 3 11
23 12 22 23 12 11
13 1 21 13 1 12
24 12 20 24 12 12
14 1 19 14 1 13
23 10 18 23 10 13
23 10 17 23 10 13
28 15 16 28 15 13
21 6 15 21 6 15
28 13 14 28 13 15
26 10 13 26 10 16
26 10 12 26 10 16
27 11 11 27 11 16
23 6 10 23 6 17
21 1 9 21 1 20
21 1 8 21 1 20
22 2 7 22 2 20
22 1 6 22 1 21
26 4 5 26 4 22
27 4 4 27 4 23
27 4 3 27 4 23
27 3 2 27 3 24
28 4 1 28 4 24
