11 4 34 11 4 7
11 4 33 11 4 7
15 7 32 15 7 8
14 5 31 14 5 9
14 5 30 14 5 9
11 1 29 11 1 10
13 3 28 13 3 10
21 11 27 21 11 10
13 2 26 13 2 11
21 10 25 21 10 11
23 12 24 23 12 11
20 8 23 20 8 12
20 8 22 20 8 12
21 9 21 21 9 12
18 5 20 18 5 13
24 11 19 24 11 13
15 1 18 15 1 14
20 6 17 20 6 14
20 6 16 20 6 14
28 14 15 28 14 14
26 8 14 26 8 18
24 5 13 24 5 19
27 8 12 27 8 19
22 2 11 22 2 20
27 7 10 27 7 20
27 7 9 27 7 20
29 9 8 29 9 20
24 2 7 24 2 22
30 8 6 30 8 22
25 2 5 25 2 23
26 2 4 26 2 24
27 2 3 27 2 25
28 1 2 28 1 27
30 1 1 30 1 29
