10 6 32 10 6 4
11 6 31 11 6 5
12 7 30 12 7 5
10 4 29 10 4 6
14 7 28 14 7 7
10 1 27 10 1 9
11 2 26 11 2 9
15 4 25 15 4 11
16 5 24 16 5 11
21 10 23 21 10 11
15 3 22 15 3 12
17 5 21 17 5 12
26 14 20 26 14 12
14 1 19 14 1 13
20 7 18 20 7 13
28 15 17 28 15 13
16 2 16 16 2 14
30 16 15 30 16 14
22 7 14 22 7 15
22 7 13 22 7 15
24 9 12 24 9 15
27 12 11 27 12 15
20 4 10 20 4 16
24 6 9 24 6 18
28 9 8 28 9 19
25 5 7 25 5 20
25 5 6 25 5 20
28 7 5 28 7 21
29 7 4 29 7 22
27 1 3 27 1 26
30 3 2 30 3 27
30 2 1 30 2 28
