12 7 32 12 7 5
13 6 31 13 6 7
13 6 30 13 6 7
13 5 29 13 5 8
18 10 28 18 10 8
12 3 27 12 3 9
13 4 26 13 4 9
17 8 25 17 8 9
18 9 24 18 9 9
20 11 23 20 11 9
11 1 22 11 1 10
12 1 21 12 1 11
14 3 20 14 3 11
23 12 19 23 12 11
13 1 18 13 1 12
20 8 17 20 8 12
22 10 16 22 10 12
22 10 15 22 10 12
24 12 14 24 12 12
22 8 13 22 8 14
25 10 12 25 10 15
17 1 11 17 1 16
20 4 10 20 4 16
25 9 9 25 9 16
23 5 8 23 5 18
21 2 7 21 2 19
24 5 6 24 5 19
24 5 5 24 5 19
29 10 4 29 10 19
26 3 3 26 3 23
28 3 2 28 3 25
30 1 1 30 1 29
