11 6 34 11 6 5
10 3 33 10 3 7
14 6 32 14 6 8
15 7 31 15 7 8
10 1 30 10 1 9
10 1 29 10 1 9
14 5 28 14 5 9
15 6 27 15 6 9
16 7 26 16 7 9
17 8 25 17 8 9
20 11 24 20 11 9
15 5 23 15 5 10
14 2 22 14 2 12
17 5 21 17 5 12
18 6 20 18 6 12
20 8 19 20 8 12
20 8 18 20 8 12
22 10 17 22 10 12
19 6 16 19 6 13
15 1 15 15 1 14
18 4 14 18 4 14
20 6 13 20 6 14
18 3 12 18 3 15
29 13 11 29 13 16
23 6 10 23 6 17
26 7 9 26 7 19
21 1 8 21 1 20
25 5 7 25 5 20
26 6 6 26 6 20
28 8 5 28 8 20
30 10 4 30 10 20
28 7 3 28 7 21
29 8 2 29 8 21
23 1 1 23 1 22
