14 8 34 14 8 6
14 7 33 14 7 7
16 9 32 16 9 7
15 7 31 15 7 8
18 9 30 18 9 9
11 1 29 11 1 10
12 2 28 12 2 10
13 3 27 13 3 10
19 9 26 19 9 10
13 2 25 13 2 11
20 8 24 20 8 12
16 3 23 16 3 13
18 5 22 18 5 13
17 3 21 17 3 14
19 5 20 19 5 14
17 2 19 17 2 15
18 3 18 18 3 15
23 8 17 23 8 15
25 9 16 25 9 16
30 14 15 30 14 16
28 11 14 28 11 17
20 2 13 20 2 18
21 3 12 21 3 18
27 9 11 27 9 18
21 1 10 21 1 20
23 2 9 23 2 21
24 3 8 24 3 21
26 5 7 26 5 21
28 7 6 28 7 21
30 9 5 30 9 21
25 3 4 25 3 22
26 2 3 26 2 24
28 4 2 28 4 24
27 1 1 27 1 26
