11 5 34 11 5 6
11 5 33 11 5 6
11 5 32 11 5 6
12 6 31 12 6 6
10 3 30 10 3 7
13 6 29 13 6 7
16 8 28 16 8 8
19 9 27 19 9 10
15 4 26 15 4 11
18 7 25 18 7 11
17 5 24 17 5 12
20 8 23 20 8 12
18 5 22 18 5 13
22 8 21 22 8 14
26 12 20 26 12 14
30 16 19 30 16 14
17 2 18 17 2 15
19 4 17 19 4 15
19 3 16 19 3 16
27 11 15 27 11 16
28 11 14 28 11 17
19 1 13 19 1 18
25 7 12 25 7 18
20 1 11 20 1 19
24 5 10 24 5 19
27 8 9 27 8 19
29 10 8 29 10 19
22 2 7 22 2 20
26 3 6 26 3 23
27 4 5 27 4 23
29 6 4 29 6 23
30 6 3 30 6 24
29 4 2 29 4 25
30 1 1 30 1 29
