13 7 34 13 7 6
12 5 33 12 5 7
10 2 32 10 2 8
10 2 31 10 2 8
16 8 30 16 8 8
14 5 29 14 5 9
19 10 28 19 10 9
13 3 27 13 3 10
14 4 26 14 4 10
17 6 25 17 6 11
13 1 24 13 1 12
14 2 23 14 2 12
15 3 22 15 3 12
28 15 21 28 15 13
28 15 20 28 15 13
16 2 19 16 2 14
17 3 18 17 3 14
20 6 17 20 6 14
20 6 16 20 6 14
25 11 15 25 11 14
20 5 14 20 5 15
17 1 13 17 1 16
26 10 12 26 10 16
21 4 11 21 4 17
28 11 10 28 11 17
22 4 9 22 4 18
29 11 8 29 11 18
24 4 7 24 4 20
23 2 6 23 2 21
30 9 5 30 9 21
23 1 4 23 1 22
24 1 3 24 1 23
26 2 2 26 2 24
30 4 1 30 4 26
