11 4 34 11 4 7
10 2 33 10 2 8
11 3 32 11 3 8
15 7 31 15 7 8
15 7 30 15 7 8
10 1 29 10 1 9
12 3 28 12 3 9
11 1 27 11 1 10
15 5 26 15 5 10
17 7 25 17 7 10
20 10 24 20 10 10
13 2 23 13 2 11
18 7 22 18 7 11
19 8 21 19 8 11
19 7 20 19 7 12
23 11 19 23 11 12
23 11 18 23 11 12
15 2 17 15 2 13
24 11 16 24 11 13
16 1 15 16 1 15
16 1 14 16 1 15
17 2 13 17 2 15
18 3 12 18 3 15
21 6 11 21 6 15
18 1 10 18 1 17
19 1 9 19 1 18
22 4 8 22 4 18
30 12 7 30 12 18
22 3 6 22 3 19
30 10 5 30 10 20
22 1 4 22 1 21
27 6 3 27 6 21
24 1 2 24 1 23
28 5 1 28 5 23
