12 5 35 12 5 7
13 6 34 13 6 7
11 2 33 11 2 9
17 8 32 17 8 9
11 1 31 11 1 10
13 3 30 13 3 10
13 3 29 13 3 10
19 9 28 19 9 10
15 4 27 15 4 11
18 7 26 18 7 11
23 12 25 23 12 11
15 3 24 15 3 12
17 5 23 17 5 12
23 11 22 23 11 12
23 10 21 23 10 13
17 3 20 17 3 14
26 12 19 26 12 14
17 2 18 17 2 15
18 3 17 18 3 15
23 8 16 23 8 15
25 10 15 25 10 15
25 10 14 25 10 15
19 3 13 19 3 16
20 3 12 20 3 17
26 9 11 26 9 17
27 9 10 27 9 18
28 10 9 28 10 18
29 11 8 29 11 18
20 1 7 20 1 19
23 4 6 23 4 19
26 6 5 26 6 20
28 6 4 28 6 22
27 4 3 27 4 23
26 2 2 26 2 24
26 2 1 26 2 24
