13 7 32 13 7 6
13 6 31 13 6 7
11 3 30 11 3 8
12 4 29 12 4 8
15 7 28 15 7 8
16 8 27 16 8 8
10 1 26 10 1 9
15 6 25 15 6 9
16 7 24 16 7 9
17 8 23 17 8 9
17 7 22 17 7 10
21 11 21 21 11 10
19 8 20 19 8 11
20 9 19 20 9 11
13 1 18 13 1 12
23 11 17 23 11 12
23 10 16 23 10 13
17 2 15 17 2 15
30 15 14 30 15 15
30 14 13 30 14 16
19 2 12 19 2 17
21 4 11 21 4 17
22 3 10 22 3 19
28 9 9 28 9 19
29 10 8 29 10 19
22 2 7 22 2 20
25 5 6 25 5 20
25 5 5 25 5 20
27 7 4 27 7 20
29 7 3 29 7 22
29 6 2 29 6 23
30 3 1 30 3 27
