12 7 34 12 7 5
11 5 33 11 5 6
12 5 32 12 5 7
10 2 31 10 2 8
14 6 30 14 6 8
16 8 29 16 8 8
21 10 28 21 10 11
14 2 27 14 2 12
16 4 26 16 4 12
14 1 25 14 1 13
14 1 24 14 1 13
14 1 23 14 1 13
17 4 22 17 4 13
20 7 21 20 7 13
20 7 20 20 7 13
22 9 19 22 9 13
18 4 18 18 4 14
20 6 17 20 6 14
19 4 16 19 4 15
19 4 15 19 4 15
20 5 14 20 5 15
27 12 13 27 12 15
28 12 12 28 12 16
30 14 11 30 14 16
22 4 10 22 4 18
29 10 9 29 10 19
27 7 8 27 7 20
28 8 7 28 8 20
27 6 6 27 6 21
29 5 5 29 5 24
26 1 4 26 1 25
27 1 3 27 1 26
29 3 2 29 3 26
29 1 1 29 1 28
