12 5 36 12 5 7
13 6 35 13 6 7
11 2 34 11 2 9
17 8 33 17 8 9
11 1 32 11 1 10
13 3 31 13 3 10
13 3 30 13 3 10
19 9 29 19 9 10
15 4 28 15 4 11
18 7 27 18 7 11
23 12 26 23 12 11
15 3 25 15 3 12
17 5 24 17 5 12
23 11 23 23 11 12
23 10 22 23 10 13
17 3 21 17 3 14
26 12 20 26 12 14
17 2 19 17 2 15
18 3 18 18 3 15
23 8 17 23 8 15
25 10 16 25 10 15
25 10 15 25 10 15
19 3 14 19 3 16
20 3 13 20 3 17
26 9 12 26 9 17
27 9 11 27 9 18
28 10 10 28 10 18
29 11 9 29 11 18
20 1 8 20 1 19
23 4 7 23 4 19
26 6 6 26 6 20
28 6 5 28 6 22
29 7 4 29 7 22
27 4 3 27 4 23
26 2 2 26 2 24
26 2 1 26 2 24
