10 6 32 10 6 4
11 6 31 11 6 5
12 7 30 12 7 5
10 3 29 10 3 7
10 1 28 10 1 9
12 3 27 12 3 9
12 3 26 12 3 9
14 5 25 14 5 9
15 4 24 15 4 11
16 5 23 16 5 11
16 4 22 16 4 12
17 5 21 17 5 12
18 6 20 18 6 12
14 1 19 14 1 13
15 1 18 15 1 14
15 1 17 15 1 14
18 4 16 18 4 14
22 8 15 22 8 14
23 9 14 23 9 14
24 10 13 24 10 14
17 2 12 17 2 15
22 7 11 22 7 15
26 11 10 26 11 15
20 4 9 20 4 16
19 2 8 19 2 17
29 12 7 29 12 17
30 13 6 30 13 17
20 2 5 20 2 18
25 6 4 25 6 19
26 6 3 26 6 20
26 2 2 26 2 24
29 3 1 29 3 26
