10 5 34 10 5 5
10 5 33 10 5 5
10 4 32 10 4 6
13 7 31 13 7 6
11 3 30 11 3 8
15 7 29 15 7 8
18 10 28 18 10 8
12 3 27 12 3 9
13 3 26 13 3 10
13 3 25 13 3 10
14 4 24 14 4 10
16 6 23 16 6 10
17 7 22 17 7 10
22 12 21 22 12 10
15 3 20 15 3 12
17 5 19 17 5 12
15 2 18 15 2 13
23 10 17 23 10 13
30 16 16 30 16 14
24 9 15 24 9 15
20 4 14 20 4 16
22 6 13 22 6 16
24 8 12 24 8 16
23 6 11 23 6 17
23 5 10 23 5 18
21 2 9 21 2 19
24 5 8 24 5 19
30 10 7 30 10 20
23 2 6 23 2 21
26 3 5 26 3 23
27 4 4 27 4 23
28 5 3 28 5 23
30 7 2 30 7 23
26 1 1 26 1 25
