10 4 32 10 4 6
14 8 31 14 8 6
14 8 30 14 8 6
11 4 29 11 4 7
15 8 28 15 8 7
11 3 27 11 3 8
12 4 26 12 4 8
16 8 25 16 8 8
10 1 24 10 1 9
15 6 23 15 6 9
18 9 22 18 9 9
12 2 21 12 2 10
15 5 20 15 5 10
20 10 19 20 10 10
21 11 18 21 11 10
21 10 17 21 10 11
21 7 16 21 7 14
24 10 15 24 10 14
29 14 14 29 14 15
30 15 13 30 15 15
24 8 12 24 8 16
23 6 11 23 6 17
27 10 10 27 10 17
21 2 9 21 2 19
21 1 8 21 1 20
24 4 7 24 4 20
23 2 6 23 2 21
29 8 5 29 8 21
29 6 4 29 6 23
30 3 3 30 3 27
29 1 2 29 1 28
29 1 1 29 1 28
