12 6 32 12 6 6
11 4 31 11 4 7
11 3 30 11 3 8
15 7 29 15 7 8
16 8 28 16 8 8
17 9 27 17 9 8
13 4 26 13 4 9
15 6 25 15 6 9
11 1 24 11 1 10
15 5 23 15 5 10
22 11 22 22 11 11
13 1 21 13 1 12
19 7 20 19 7 12
23 11 19 23 11 12
17 4 18 17 4 13
26 13 17 26 13 13
19 5 16 19 5 14
27 13 15 27 13 14
18 3 14 18 3 15
20 4 13 20 4 16
28 12 12 28 12 16
23 6 11 23 6 17
23 5 10 23 5 18
25 7 9 25 7 18
23 4 8 23 4 19
24 4 7 24 4 20
23 2 6 23 2 21
23 1 5 23 1 22
24 2 4 24 2 22
29 7 3 29 7 22
27 2 2 27 2 25
29 1 1 29 1 28
