11 6 33 11 6 5
11 6 32 11 6 5
10 4 31 10 4 6
11 5 30 11 5 6
10 2 29 10 2 8
16 7 28 16 7 9
17 8 27 17 8 9
17 8 26 17 8 9
11 1 25 11 1 10
12 2 24 12 2 10
17 7 23 17 7 10
12 1 22 12 1 11
16 4 21 16 4 12
24 12 20 24 12 12
22 9 19 22 9 13
24 11 18 24 11 13
27 14 17 27 14 13
18 4 16 18 4 14
20 6 15 20 6 14
22 8 14 22 8 14
22 8 13 22 8 14
23 9 12 23 9 14
18 3 11 18 3 15
19 4 10 19 4 15
19 4 9 19 4 15
25 10 8 25 10 15
17 1 7 17 1 16
25 8 6 25 8 17
23 2 5 23 2 21
24 3 4 24 3 21
23 1 3 23 1 22
27 3 2 27 3 24
26 1 1 26 1 25
