10 6 32 10 6 4
11 5 31 11 5 6
16 9 30 16 9 7
11 3 29 11 3 8
11 2 28 11 2 9
17 8 27 17 8 9
17 7 26 17 7 10
18 8 25 18 8 10
21 11 24 21 11 10
22 12 23 22 12 10
19 8 22 19 8 11
20 7 21 20 7 13
28 15 20 28 15 13
15 1 19 15 1 14
30 16 18 30 16 14
19 4 17 19 4 15
21 6 16 21 6 15
20 4 15 20 4 16
23 7 14 23 7 16
19 2 13 19 2 17
23 6 12 23 6 17
24 7 11 24 7 17
27 10 10 27 10 17
22 4 9 22 4 18
26 8 8 26 8 18
27 9 7 27 9 18
28 9 6 28 9 19
24 4 5 24 4 20
25 5 4 25 5 20
24 1 3 24 1 23
27 4 2 27 4 23
27 2 1 27 2 25
