10 5 33 10 5 5
12 7 32 12 7 5
11 5 31 11 5 6
10 3 30 10 3 7
12 5 29 12 5 7
14 6 28 14 6 8
16 8 27 16 8 8
13 4 26 13 4 9
18 9 25 18 9 9
12 2 24 12 2 10
14 4 23 14 4 10
15 4 22 15 4 11
26 14 21 26 14 12
14 1 20 14 1 13
18 5 19 18 5 13
18 4 18 18 4 14
25 11 17 25 11 14
25 11 16 25 11 14
19 4 15 19 4 15
19 4 14 19 4 15
26 11 13 26 11 15
26 10 12 26 10 16
18 1 11 18 1 17
24 7 10 24 7 17
26 9 9 26 9 17
28 11 8 28 11 17
23 5 7 23 5 18
29 11 6 29 11 18
20 1 5 20 1 19
21 2 4 21 2 19
27 7 3 27 7 20
22 1 2 22 1 21
26 1 1 26 1 25
