10 6 33 10 6 4
11 6 32 11 6 5
12 6 31 12 6 6
10 3 30 10 3 7
11 2 29 11 2 9
14 5 28 14 5 9
14 5 27 14 5 9
15 6 26 15 6 9
20 10 25 20 10 10
20 9 24 20 9 11
17 5 23 17 5 12
17 5 22 17 5 12
23 11 21 23 11 12
25 13 20 25 13 12
16 3 19 16 3 13
16 3 18 16 3 13
19 6 17 19 6 13
24 11 16 24 11 13
16 2 15 16 2 14
17 3 14 17 3 14
26 12 13 26 12 14
22 6 12 22 6 16
28 11 11 28 11 17
30 13 10 30 13 17
19 1 9 19 1 18
19 1 8 19 1 18
28 10 7 28 10 18
29 11 6 29 11 18
27 7 5 27 7 20
23 1 4 23 1 22
24 2 3 24 2 22
27 5 2 27 5 22
25 1 1 25 1 24
