12 7 33 12 7 5
14 8 32 14 8 6
11 4 31 11 4 7
18 9 30 18 9 9
19 9 29 19 9 10
22 12 28 22 12 10
17 6 27 17 6 11
14 2 26 14 2 12
16 3 25 16 3 13
17 4 24 17 4 13
20 7 23 20 7 13
23 10 22 23 10 13
18 4 21 18 4 14
30 16 20 30 16 14
18 3 19 18 3 15
19 4 18 19 4 15
19 4 17 19 4 15
21 6 16 21 6 15
17 1 15 17 1 16
18 2 14 18 2 16
24 8 13 24 8 16
25 9 12 25 9 16
28 12 11 28 12 16
24 5 10 24 5 19
25 6 9 25 6 19
30 11 8 30 11 19
24 3 7 24 3 21
29 8 6 29 8 21
23 1 5 23 1 22
24 1 4 24 1 23
25 1 3 25 1 24
30 6 2 30 6 24
27 2 1 27 2 25
