11 4 38 11 4 7
10 2 37 10 2 8
11 3 36 11 3 8
15 7 35 15 7 8
15 7 34 15 7 8
10 1 33 10 1 9
12 3 32 12 3 9
13 4 31 13 4 9
11 1 30 11 1 10
15 5 29 15 5 10
17 7 28 17 7 10
20 10 27 20 10 10
13 2 26 13 2 11
18 7 25 18 7 11
19 8 24 19 8 11
17 5 23 17 5 12
19 7 22 19 7 12
23 11 21 23 11 12
23 11 20 23 11 12
15 2 19 15 2 13
24 11 18 24 11 13
26 13 17 26 13 13
16 1 16 16 1 15
16 1 15 16 1 15
17 2 14 17 2 15
18 3 13 18 3 15
21 6 12 21 6 15
18 1 11 18 1 17
19 1 10 19 1 18
22 4 9 22 4 18
30 12 8 30 12 18
22 3 7 22 3 19
30 10 6 30 10 20
22 1 5 22 1 21
24 3 4 24 3 21
27 6 3 27 6 21
24 1 2 24 1 23
28 5 1 28 5 23
