10 5 37 10 5 5
11 4 36 11 4 7
10 2 35 10 2 8
11 3 34 11 3 8
13 5 33 13 5 8
11 2 32 11 2 9
11 1 31 11 1 10
12 2 30 12 2 10
15 5 29 15 5 10
16 6 28 16 6 10
19 9 27 19 9 10
15 4 26 15 4 11
20 8 25 20 8 12
26 14 24 26 14 12
26 14 23 26 14 12
15 2 22 15 2 13
23 10 21 23 10 13
25 12 20 25 12 13
19 5 19 19 5 14
19 5 18 19 5 14
19 5 17 19 5 14
22 8 16 22 8 14
17 2 15 17 2 15
20 4 14 20 4 16
26 10 13 26 10 16
23 6 12 23 6 17
23 5 11 23 5 18
29 11 10 29 11 18
24 5 9 24 5 19
24 3 8 24 3 21
27 6 7 27 6 21
24 2 6 24 2 22
25 3 5 25 3 22
26 2 4 26 2 24
28 4 3 28 4 24
27 1 2 27 1 26
28 1 1 28 1 27
