14 5 0 14 5 0
21 2 0 21 2 0
11 3 0 11 3 0
13 2 0 13 2 0
16 9 0 16 9 0
16 5 0 16 5 0
14 2 0 14 2 0
18 3 0 18 3 0
20 1 0 20 1 0
17 7 0 17 7 0
25 2 0 25 2 0
14 8 0 14 8 0
22 4 0 22 4 0
27 2 0 27 2 0
11 6 0 11 6 0
20 6 0 20 6 0
24 4 0 24 4 0
26 9 0 26 9 0
12 1 0 12 1 0
29 10 0 29 10 0
11 5 0 11 5 0
10 5 0 10 5 0
20 3 0 20 3 0
12 1 0 12 1 0
29 6 0 29 6 0
27 9 0 27 9 0
15 6 0 15 6 0
28 6 0 28 6 0
26 13 0 26 13 0
21 2 0 21 2 0
15 1 0 15 1 0
25 1 0 25 1 0
22 7 0 22 7 0
29 13 0 29 13 0
14 3 0 14 3 0
16 6 0 16 6 0
23 9 0 23 9 0
