13 2 0 13 2 0
21 10 0 21 10 0
18 8 0 18 8 0
18 1 0 18 1 0
23 8 0 23 8 0
12 2 0 12 2 0
18 9 0 18 9 0
25 13 0 25 13 0
17 7 0 17 7 0
13 6 0 13 6 0
18 5 0 18 5 0
12 2 0 12 2 0
10 3 0 10 3 0
17 2 0 17 2 0
21 8 0 21 8 0
30 11 0 30 11 0
21 1 0 21 1 0
22 7 0 22 7 0
29 15 0 29 15 0
18 8 0 18 8 0
25 12 0 25 12 0
29 3 0 29 3 0
13 1 0 13 1 0
30 3 0 30 3 0
21 10 0 21 10 0
11 2 0 11 2 0
25 5 0 25 5 0
17 9 0 17 9 0
10 6 0 10 6 0
25 2 0 25 2 0
10 2 0 10 2 0
24 1 0 24 1 0
27 1 0 27 1 0
20 5 0 20 5 0
15 1 0 15 1 0
21 7 0 21 7 0
