24 11 0 24 11 0
14 8 0 14 8 0
22 4 0 22 4 0
17 4 0 17 4 0
19 4 0 19 4 0
16 3 0 16 3 0
19 6 0 19 6 0
30 11 0 30 11 0
18 7 0 18 7 0
13 4 0 13 4 0
20 1 0 20 1 0
21 11 0 21 11 0
22 2 0 22 2 0
27 4 0 27 4 0
17 1 0 17 1 0
24 9 0 24 9 0
29 11 0 29 11 0
20 6 0 20 6 0
13 1 0 13 1 0
29 3 0 29 3 0
21 9 0 21 9 0
13 1 0 13 1 0
20 2 0 20 2 0
28 6 0 28 6 0
15 6 0 15 6 0
15 4 0 15 4 0
26 12 0 26 12 0
13 4 0 13 4 0
13 7 0 13 7 0
26 7 0 26 7 0
15 6 0 15 6 0
13 5 0 13 5 0
13 5 0 13 5 0
25 1 0 25 1 0
11 2 0 11 2 0
12 1 0 12 1 0
21 3 0 21 3 0
