25 3 0 25 3 0
26 2 0 26 2 0
13 4 0 13 4 0
29 9 0 29 9 0
21 1 0 21 1 0
12 3 0 12 3 0
20 11 0 20 11 0
13 5 0 13 5 0
22 4 0 22 4 0
21 2 0 21 2 0
27 13 0 27 13 0
17 2 0 17 2 0
24 11 0 24 11 0
30 5 0 30 5 0
14 5 0 14 5 0
23 10 0 23 10 0
14 7 0 14 7 0
29 13 0 29 13 0
22 3 0 22 3 0
24 1 0 24 1 0
25 12 0 25 12 0
19 2 0 19 2 0
29 12 0 29 12 0
20 2 0 20 2 0
17 3 0 17 3 0
29 9 0 29 9 0
27 11 0 27 11 0
24 13 0 24 13 0
21 3 0 21 3 0
13 3 0 13 3 0
17 2 0 17 2 0
26 9 0 26 9 0
10 6 0 10 6 0
21 11 0 21 11 0
26 7 0 26 7 0
