16 7 0 16 7 0
28 11 0 28 11 0
15 6 0 15 6 0
10 6 0 10 6 0
18 3 0 18 3 0
23 4 0 23 4 0
29 15 0 29 15 0
20 8 0 20 8 0
11 2 0 11 2 0
19 2 0 19 2 0
19 9 0 19 9 0
21 2 0 21 2 0
19 3 0 19 3 0
18 2 0 18 2 0
28 1 0 28 1 0
23 7 0 23 7 0
22 5 0 22 5 0
12 4 0 12 4 0
18 9 0 18 9 0
30 14 0 30 14 0
23 4 0 23 4 0
16 8 0 16 8 0
20 10 0 20 10 0
11 5 0 11 5 0
30 10 0 30 10 0
24 6 0 24 6 0
16 1 0 16 1 0
23 2 0 23 2 0
23 3 0 23 3 0
26 5 0 26 5 0
20 7 0 20 7 0
25 11 0 25 11 0
16 1 0 16 1 0
30 9 0 30 9 0
13 6 0 13 6 0
