14 4 0 14 4 0
10 4 0 10 4 0
15 4 0 15 4 0
14 3 0 14 3 0
17 2 0 17 2 0
10 1 0 10 1 0
18 3 0 18 3 0
23 7 0 23 7 0
22 10 0 22 10 0
26 13 0 26 13 0
24 2 0 24 2 0
14 1 0 14 1 0
26 12 0 26 12 0
30 9 0 30 9 0
21 2 0 21 2 0
27 5 0 27 5 0
21 4 0 21 4 0
21 10 0 21 10 0
11 5 0 11 5 0
15 1 0 15 1 0
12 3 0 12 3 0
19 6 0 19 6 0
16 2 0 16 2 0
13 1 0 13 1 0
14 8 0 14 8 0
26 11 0 26 11 0
18 6 0 18 6 0
26 3 0 26 3 0
17 9 0 17 9 0
23 3 0 23 3 0
21 11 0 21 11 0
17 3 0 17 3 0
12 7 0 12 7 0
25 11 0 25 11 0
23 4 0 23 4 0
18 7 0 18 7 0
