19 2 0 19 2 0
25 3 0 25 3 0
28 14 0 28 14 0
10 5 0 10 5 0
11 3 0 11 3 0
30 9 0 30 9 0
13 2 0 13 2 0
20 7 0 20 7 0
25 12 0 25 12 0
23 8 0 23 8 0
30 5 0 30 5 0
22 4 0 22 4 0
27 11 0 27 11 0
13 1 0 13 1 0
16 4 0 16 4 0
25 4 0 25 4 0
21 7 0 21 7 0
18 4 0 18 4 0
22 2 0 22 2 0
19 7 0 19 7 0
14 7 0 14 7 0
29 13 0 29 13 0
20 3 0 20 3 0
10 5 0 10 5 0
22 5 0 22 5 0
26 8 0 26 8 0
23 2 0 23 2 0
17 3 0 17 3 0
12 4 0 12 4 0
29 9 0 29 9 0
27 14 0 27 14 0
17 6 0 17 6 0
20 6 0 20 6 0
21 7 0 21 7 0
27 3 0 27 3 0
