24 9 0 24 9 0
30 12 0 30 12 0
16 1 0 16 1 0
19 5 0 19 5 0
14 1 0 14 1 0
12 3 0 12 3 0
22 1 0 22 1 0
14 7 0 14 7 0
22 1 0 22 1 0
21 7 0 21 7 0
23 3 0 23 3 0
20 6 0 20 6 0
13 5 0 13 5 0
11 1 0 11 1 0
20 6 0 20 6 0
20 11 0 20 11 0
27 6 0 27 6 0
24 2 0 24 2 0
17 3 0 17 3 0
21 1 0 21 1 0
16 7 0 16 7 0
24 3 0 24 3 0
22 5 0 22 5 0
12 6 0 12 6 0
25 2 0 25 2 0
25 2 0 25 2 0
22 4 0 22 4 0
26 14 0 26 14 0
24 1 0 24 1 0
21 3 0 21 3 0
12 4 0 12 4 0
16 5 0 16 5 0
30 15 0 30 15 0
28 11 0 28 11 0
15 6 0 15 6 0
19 9 0 19 9 0
16 8 0 16 8 0
29 11 0 29 11 0
