27 14 0 27 14 0
17 2 0 17 2 0
16 2 0 16 2 0
11 1 0 11 1 0
12 2 0 12 2 0
16 2 0 16 2 0
11 6 0 11 6 0
21 10 0 21 10 0
14 1 0 14 1 0
13 7 0 13 7 0
23 6 0 23 6 0
25 2 0 25 2 0
16 6 0 16 6 0
15 3 0 15 3 0
24 7 0 24 7 0
24 6 0 24 6 0
16 3 0 16 3 0
20 9 0 20 9 0
16 4 0 16 4 0
22 8 0 22 8 0
15 1 0 15 1 0
13 1 0 13 1 0
23 1 0 23 1 0
21 8 0 21 8 0
25 6 0 25 6 0
28 5 0 28 5 0
21 3 0 21 3 0
17 8 0 17 8 0
28 3 0 28 3 0
11 6 0 11 6 0
17 2 0 17 2 0
24 12 0 24 12 0
16 3 0 16 3 0
11 6 0 11 6 0
25 3 0 25 3 0
17 1 0 17 1 0
20 11 0 20 11 0
28 13 0 28 13 0
