16 2 0 16 2 0
24 11 0 24 11 0
30 9 0 30 9 0
16 8 0 16 8 0
14 7 0 14 7 0
18 7 0 18 7 0
10 3 0 10 3 0
13 3 0 13 3 0
28 14 0 28 14 0
17 4 0 17 4 0
30 3 0 30 3 0
23 1 0 23 1 0
26 3 0 26 3 0
27 5 0 27 5 0
19 5 0 19 5 0
14 1 0 14 1 0
25 2 0 25 2 0
12 5 0 12 5 0
26 4 0 26 4 0
26 11 0 26 11 0
17 6 0 17 6 0
22 7 0 22 7 0
30 7 0 30 7 0
20 3 0 20 3 0
29 3 0 29 3 0
29 7 0 29 7 0
25 3 0 25 3 0
22 5 0 22 5 0
14 6 0 14 6 0
24 4 0 24 4 0
18 10 0 18 10 0
24 8 0 24 8 0
12 5 0 12 5 0
10 1 0 10 1 0
28 11 0 28 11 0
27 4 0 27 4 0
16 3 0 16 3 0
15 6 0 15 6 0
