23 3 0 23 3 0
25 2 0 25 2 0
28 14 0 28 14 0
10 5 0 10 5 0
13 5 0 13 5 0
16 2 0 16 2 0
16 6 0 16 6 0
29 2 0 29 2 0
12 6 0 12 6 0
24 2 0 24 2 0
15 8 0 15 8 0
28 8 0 28 8 0
23 2 0 23 2 0
23 7 0 23 7 0
15 2 0 15 2 0
28 3 0 28 3 0
14 5 0 14 5 0
30 16 0 30 16 0
16 7 0 16 7 0
12 1 0 12 1 0
22 6 0 22 6 0
29 9 0 29 9 0
27 5 0 27 5 0
12 3 0 12 3 0
12 2 0 12 2 0
26 2 0 26 2 0
28 8 0 28 8 0
20 2 0 20 2 0
10 2 0 10 2 0
25 10 0 25 10 0
25 2 0 25 2 0
14 1 0 14 1 0
25 4 0 25 4 0
27 10 0 27 10 0
27 5 0 27 5 0
21 5 0 21 5 0
30 15 0 30 15 0
25 5 0 25 5 0
28 4 0 28 4 0
16 1 0 16 1 0
16 8 0 16 8 0
