11 2 0 11 2 0
16 3 0 16 3 0
12 1 0 12 1 0
27 11 0 27 11 0
13 4 0 13 4 0
12 6 0 12 6 0
21 4 0 21 4 0
12 2 0 12 2 0
13 7 0 13 7 0
29 9 0 29 9 0
17 7 0 17 7 0
26 10 0 26 10 0
15 2 0 15 2 0
20 2 0 20 2 0
30 10 0 30 10 0
21 7 0 21 7 0
17 5 0 17 5 0
10 4 0 10 4 0
30 5 0 30 5 0
15 1 0 15 1 0
20 1 0 20 1 0
18 3 0 18 3 0
18 6 0 18 6 0
21 3 0 21 3 0
14 5 0 14 5 0
16 5 0 16 5 0
23 7 0 23 7 0
22 7 0 22 7 0
28 1 0 28 1 0
21 6 0 21 6 0
22 1 0 22 1 0
25 4 0 25 4 0
22 8 0 22 8 0
16 4 0 16 4 0
25 13 0 25 13 0
25 6 0 25 6 0
22 6 0 22 6 0
14 5 0 14 5 0
