20 3 0 20 3 0
26 2 0 26 2 0
26 4 0 26 4 0
12 7 0 12 7 0
11 6 0 11 6 0
22 2 0 22 2 0
22 5 0 22 5 0
25 2 0 25 2 0
28 9 0 28 9 0
18 2 0 18 2 0
19 4 0 19 4 0
16 3 0 16 3 0
20 1 0 20 1 0
15 4 0 15 4 0
11 2 0 11 2 0
25 8 0 25 8 0
23 2 0 23 2 0
12 5 0 12 5 0
18 1 0 18 1 0
20 11 0 20 11 0
30 1 0 30 1 0
24 10 0 24 10 0
29 11 0 29 11 0
28 1 0 28 1 0
28 2 0 28 2 0
11 2 0 11 2 0
11 2 0 11 2 0
29 5 0 29 5 0
11 4 0 11 4 0
17 5 0 17 5 0
12 2 0 12 2 0
12 6 0 12 6 0
11 1 0 11 1 0
28 9 0 28 9 0
27 9 0 27 9 0
18 5 0 18 5 0
27 12 0 27 12 0
23 9 0 23 9 0
24 12 0 24 12 0
25 10 0 25 10 0
