10 1 0 10 1 0
22 2 0 22 2 0
18 5 0 18 5 0
19 3 0 19 3 0
12 5 0 12 5 0
18 6 0 18 6 0
18 9 0 18 9 0
28 1 0 28 1 0
11 4 0 11 4 0
18 9 0 18 9 0
25 6 0 25 6 0
23 10 0 23 10 0
24 13 0 24 13 0
11 3 0 11 3 0
25 1 0 25 1 0
16 1 0 16 1 0
26 14 0 26 14 0
30 1 0 30 1 0
28 3 0 28 3 0
18 9 0 18 9 0
10 3 0 10 3 0
13 7 0 13 7 0
27 9 0 27 9 0
19 4 0 19 4 0
18 9 0 18 9 0
12 6 0 12 6 0
25 13 0 25 13 0
15 1 0 15 1 0
11 4 0 11 4 0
21 4 0 21 4 0
28 1 0 28 1 0
19 2 0 19 2 0
23 1 0 23 1 0
20 3 0 20 3 0
17 4 0 17 4 0
21 2 0 21 2 0
27 13 0 27 13 0
