17 2 0 17 2 0
30 14 0 30 14 0
20 3 0 20 3 0
29 12 0 29 12 0
16 2 0 16 2 0
23 2 0 23 2 0
18 9 0 18 9 0
19 3 0 19 3 0
15 8 0 15 8 0
18 5 0 18 5 0
24 1 0 24 1 0
19 4 0 19 4 0
23 4 0 23 4 0
29 8 0 29 8 0
29 4 0 29 4 0
20 5 0 20 5 0
20 11 0 20 11 0
20 7 0 20 7 0
23 2 0 23 2 0
21 6 0 21 6 0
18 8 0 18 8 0
23 12 0 23 12 0
17 2 0 17 2 0
11 3 0 11 3 0
14 7 0 14 7 0
25 5 0 25 5 0
30 16 0 30 16 0
30 14 0 30 14 0
28 6 0 28 6 0
30 6 0 30 6 0
27 1 0 27 1 0
20 7 0 20 7 0
30 15 0 30 15 0
16 5 0 16 5 0
21 9 0 21 9 0
