27 9 0 27 9 0
16 6 0 16 6 0
18 9 0 18 9 0
29 13 0 29 13 0
23 11 0 23 11 0
19 3 0 19 3 0
30 1 0 30 1 0
13 2 0 13 2 0
23 1 0 23 1 0
21 11 0 21 11 0
20 3 0 20 3 0
19 9 0 19 9 0
13 2 0 13 2 0
27 2 0 27 2 0
26 3 0 26 3 0
27 13 0 27 13 0
25 3 0 25 3 0
19 7 0 19 7 0
17 2 0 17 2 0
20 9 0 20 9 0
28 8 0 28 8 0
15 8 0 15 8 0
10 1 0 10 1 0
28 1 0 28 1 0
27 2 0 27 2 0
14 5 0 14 5 0
12 3 0 12 3 0
24 10 0 24 10 0
18 9 0 18 9 0
25 12 0 25 12 0
22 4 0 22 4 0
13 6 0 13 6 0
26 7 0 26 7 0
23 3 0 23 3 0
11 2 0 11 2 0
25 3 0 25 3 0
12 4 0 12 4 0
