25 4 0 25 4 0
22 8 0 22 8 0
14 8 0 14 8 0
13 7 0 13 7 0
19 2 0 19 2 0
16 1 0 16 1 0
12 3 0 12 3 0
17 6 0 17 6 0
25 1 0 25 1 0
13 4 0 13 4 0
11 5 0 11 5 0
27 7 0 27 7 0
14 7 0 14 7 0
14 1 0 14 1 0
14 1 0 14 1 0
19 6 0 19 6 0
30 4 0 30 4 0
17 1 0 17 1 0
24 10 0 24 10 0
26 13 0 26 13 0
26 7 0 26 7 0
29 7 0 29 7 0
10 2 0 10 2 0
16 7 0 16 7 0
17 7 0 17 7 0
19 1 0 19 1 0
14 6 0 14 6 0
26 3 0 26 3 0
19 10 0 19 10 0
21 1 0 21 1 0
15 1 0 15 1 0
20 10 0 20 10 0
30 13 0 30 13 0
10 4 0 10 4 0
15 8 0 15 8 0
