27 1 0 27 1 0
26 6 0 26 6 0
16 3 0 16 3 0
26 8 0 26 8 0
29 9 0 29 9 0
14 4 0 14 4 0
24 6 0 24 6 0
18 5 0 18 5 0
10 3 0 10 3 0
14 5 0 14 5 0
30 8 0 30 8 0
16 2 0 16 2 0
12 7 0 12 7 0
16 4 0 16 4 0
14 6 0 14 6 0
18 1 0 18 1 0
17 6 0 17 6 0
16 8 0 16 8 0
18 4 0 18 4 0
10 4 0 10 4 0
23 6 0 23 6 0
16 4 0 16 4 0
12 5 0 12 5 0
20 7 0 20 7 0
12 2 0 12 2 0
26 6 0 26 6 0
12 2 0 12 2 0
19 3 0 19 3 0
18 4 0 18 4 0
17 1 0 17 1 0
23 9 0 23 9 0
25 9 0 25 9 0
21 1 0 21 1 0
19 6 0 19 6 0
22 9 0 22 9 0
30 3 0 30 3 0
26 6 0 26 6 0
13 2 0 13 2 0
