14 1 0 14 1 0
20 4 0 20 4 0
25 8 0 25 8 0
19 5 0 19 5 0
25 13 0 25 13 0
22 5 0 22 5 0
28 14 0 28 14 0
12 2 0 12 2 0
20 4 0 20 4 0
20 4 0 20 4 0
12 4 0 12 4 0
12 7 0 12 7 0
12 7 0 12 7 0
17 3 0 17 3 0
15 1 0 15 1 0
12 1 0 12 1 0
15 7 0 15 7 0
30 5 0 30 5 0
27 11 0 27 11 0
15 7 0 15 7 0
29 4 0 29 4 0
30 10 0 30 10 0
27 1 0 27 1 0
30 6 0 30 6 0
18 3 0 18 3 0
21 5 0 21 5 0
21 3 0 21 3 0
30 3 0 30 3 0
10 5 0 10 5 0
20 5 0 20 5 0
11 3 0 11 3 0
23 10 0 23 10 0
16 8 0 16 8 0
18 9 0 18 9 0
16 3 0 16 3 0
