20 10 0 20 10 0
16 4 0 16 4 0
24 12 0 24 12 0
15 1 0 15 1 0
23 12 0 23 12 0
16 1 0 16 1 0
29 1 0 29 1 0
23 6 0 23 6 0
17 4 0 17 4 0
20 8 0 20 8 0
18 5 0 18 5 0
13 1 0 13 1 0
25 2 0 25 2 0
10 2 0 10 2 0
22 3 0 22 3 0
22 6 0 22 6 0
27 6 0 27 6 0
19 9 0 19 9 0
23 7 0 23 7 0
27 3 0 27 3 0
11 6 0 11 6 0
12 6 0 12 6 0
29 9 0 29 9 0
20 11 0 20 11 0
30 5 0 30 5 0
30 9 0 30 9 0
21 2 0 21 2 0
15 6 0 15 6 0
29 9 0 29 9 0
14 5 0 14 5 0
25 8 0 25 8 0
27 13 0 27 13 0
24 3 0 24 3 0
10 2 0 10 2 0
26 1 0 26 1 0
13 6 0 13 6 0
