22 11 0 22 11 0
17 5 0 17 5 0
28 7 0 28 7 0
13 1 0 13 1 0
18 4 0 18 4 0
15 6 0 15 6 0
20 9 0 20 9 0
11 4 0 11 4 0
23 2 0 23 2 0
16 2 0 16 2 0
25 7 0 25 7 0
11 5 0 11 5 0
17 3 0 17 3 0
15 8 0 15 8 0
14 8 0 14 8 0
18 2 0 18 2 0
11 1 0 11 1 0
27 3 0 27 3 0
23 6 0 23 6 0
23 5 0 23 5 0
24 8 0 24 8 0
23 2 0 23 2 0
15 6 0 15 6 0
19 9 0 19 9 0
15 5 0 15 5 0
21 4 0 21 4 0
17 4 0 17 4 0
19 6 0 19 6 0
24 2 0 24 2 0
15 6 0 15 6 0
21 7 0 21 7 0
13 1 0 13 1 0
19 10 0 19 10 0
21 5 0 21 5 0
27 2 0 27 2 0
30 13 0 30 13 0
