16 5 0 16 5 0
14 7 0 14 7 0
28 5 0 28 5 0
17 3 0 17 3 0
14 2 0 14 2 0
26 4 0 26 4 0
25 2 0 25 2 0
23 11 0 23 11 0
29 3 0 29 3 0
21 8 0 21 8 0
16 3 0 16 3 0
26 2 0 26 2 0
20 11 0 20 11 0
15 2 0 15 2 0
26 13 0 26 13 0
11 2 0 11 2 0
22 5 0 22 5 0
18 7 0 18 7 0
21 2 0 21 2 0
17 5 0 17 5 0
24 4 0 24 4 0
28 5 0 28 5 0
18 6 0 18 6 0
10 4 0 10 4 0
12 3 0 12 3 0
12 2 0 12 2 0
25 11 0 25 11 0
20 1 0 20 1 0
23 7 0 23 7 0
23 11 0 23 11 0
12 2 0 12 2 0
13 4 0 13 4 0
20 1 0 20 1 0
30 7 0 30 7 0
21 11 0 21 11 0
18 4 0 18 4 0
19 4 0 19 4 0
19 1 0 19 1 0
23 11 0 23 11 0
