27 2 0 27 2 0
12 3 0 12 3 0
24 1 0 24 1 0
29 10 0 29 10 0
14 4 0 14 4 0
21 5 0 21 5 0
18 4 0 18 4 0
13 5 0 13 5 0
14 8 0 14 8 0
25 1 0 25 1 0
25 9 0 25 9 0
28 6 0 28 6 0
22 9 0 22 9 0
24 10 0 24 10 0
11 6 0 11 6 0
29 1 0 29 1 0
30 6 0 30 6 0
17 1 0 17 1 0
17 3 0 17 3 0
16 8 0 16 8 0
18 1 0 18 1 0
17 8 0 17 8 0
25 4 0 25 4 0
16 4 0 16 4 0
18 9 0 18 9 0
17 6 0 17 6 0
28 9 0 28 9 0
21 2 0 21 2 0
26 10 0 26 10 0
14 8 0 14 8 0
24 11 0 24 11 0
15 5 0 15 5 0
30 9 0 30 9 0
29 1 0 29 1 0
10 2 0 10 2 0
10 1 0 10 1 0
12 6 0 12 6 0
