24 8 0 24 8 0
23 1 0 23 1 0
18 6 0 18 6 0
12 1 0 12 1 0
27 1 0 27 1 0
28 10 0 28 10 0
23 11 0 23 11 0
30 1 0 30 1 0
27 3 0 27 3 0
26 11 0 26 11 0
25 7 0 25 7 0
24 10 0 24 10 0
21 3 0 21 3 0
15 6 0 15 6 0
12 6 0 12 6 0
10 5 0 10 5 0
23 5 0 23 5 0
27 11 0 27 11 0
12 1 0 12 1 0
27 4 0 27 4 0
15 5 0 15 5 0
23 8 0 23 8 0
10 3 0 10 3 0
10 4 0 10 4 0
25 6 0 25 6 0
25 12 0 25 12 0
13 6 0 13 6 0
30 10 0 30 10 0
14 3 0 14 3 0
21 5 0 21 5 0
11 5 0 11 5 0
26 3 0 26 3 0
11 1 0 11 1 0
29 10 0 29 10 0
11 6 0 11 6 0
