21 7 0 21 7 0
25 9 0 25 9 0
13 2 0 13 2 0
25 6 0 25 6 0
12 4 0 12 4 0
20 4 0 20 4 0
25 4 0 25 4 0
11 3 0 11 3 0
22 5 0 22 5 0
23 2 0 23 2 0
17 4 0 17 4 0
26 4 0 26 4 0
14 7 0 14 7 0
30 12 0 30 12 0
23 1 0 23 1 0
16 2 0 16 2 0
27 12 0 27 12 0
18 8 0 18 8 0
26 1 0 26 1 0
18 7 0 18 7 0
10 4 0 10 4 0
22 12 0 22 12 0
20 2 0 20 2 0
21 5 0 21 5 0
18 5 0 18 5 0
19 1 0 19 1 0
23 7 0 23 7 0
20 11 0 20 11 0
16 3 0 16 3 0
18 10 0 18 10 0
14 6 0 14 6 0
19 7 0 19 7 0
12 2 0 12 2 0
11 2 0 11 2 0
10 1 0 10 1 0
21 7 0 21 7 0
23 12 0 23 12 0
