24 9 0 24 9 0
15 6 0 15 6 0
26 4 0 26 4 0
21 3 0 21 3 0
23 9 0 23 9 0
28 2 0 28 2 0
14 8 0 14 8 0
13 1 0 13 1 0
20 3 0 20 3 0
23 5 0 23 5 0
21 1 0 21 1 0
30 12 0 30 12 0
12 2 0 12 2 0
22 2 0 22 2 0
22 1 0 22 1 0
12 5 0 12 5 0
28 15 0 28 15 0
13 1 0 13 1 0
25 7 0 25 7 0
24 6 0 24 6 0
28 14 0 28 14 0
15 8 0 15 8 0
18 1 0 18 1 0
18 4 0 18 4 0
10 4 0 10 4 0
12 7 0 12 7 0
22 3 0 22 3 0
30 15 0 30 15 0
24 1 0 24 1 0
15 6 0 15 6 0
17 3 0 17 3 0
21 10 0 21 10 0
25 6 0 25 6 0
18 4 0 18 4 0
14 1 0 14 1 0
28 11 0 28 11 0
18 2 0 18 2 0
10 5 0 10 5 0
