11 2 0 11 2 0
24 13 0 24 13 0
30 3 0 30 3 0
21 5 0 21 5 0
28 12 0 28 12 0
18 1 0 18 1 0
30 12 0 30 12 0
24 4 0 24 4 0
16 5 0 16 5 0
20 10 0 20 10 0
19 9 0 19 9 0
30 15 0 30 15 0
22 5 0 22 5 0
24 9 0 24 9 0
15 1 0 15 1 0
26 9 0 26 9 0
26 10 0 26 10 0
26 2 0 26 2 0
17 8 0 17 8 0
26 9 0 26 9 0
28 7 0 28 7 0
30 1 0 30 1 0
16 5 0 16 5 0
26 3 0 26 3 0
24 5 0 24 5 0
21 10 0 21 10 0
26 10 0 26 10 0
20 6 0 20 6 0
30 6 0 30 6 0
27 3 0 27 3 0
22 1 0 22 1 0
14 5 0 14 5 0
19 6 0 19 6 0
16 1 0 16 1 0
15 7 0 15 7 0
23 12 0 23 12 0
