12 5 0 12 5 0
20 2 0 20 2 0
29 15 0 29 15 0
17 2 0 17 2 0
23 2 0 23 2 0
13 2 0 13 2 0
10 1 0 10 1 0
12 5 0 12 5 0
22 7 0 22 7 0
15 7 0 15 7 0
16 6 0 16 6 0
10 4 0 10 4 0
29 2 0 29 2 0
30 4 0 30 4 0
27 11 0 27 11 0
16 3 0 16 3 0
15 2 0 15 2 0
15 6 0 15 6 0
14 8 0 14 8 0
30 10 0 30 10 0
25 3 0 25 3 0
26 13 0 26 13 0
13 6 0 13 6 0
28 8 0 28 8 0
11 3 0 11 3 0
21 4 0 21 4 0
23 5 0 23 5 0
30 12 0 30 12 0
30 2 0 30 2 0
23 10 0 23 10 0
22 9 0 22 9 0
29 3 0 29 3 0
21 2 0 21 2 0
20 10 0 20 10 0
19 4 0 19 4 0
13 5 0 13 5 0
