16 6 0 16 6 0
19 3 0 19 3 0
17 8 0 17 8 0
23 11 0 23 11 0
21 9 0 21 9 0
20 1 0 20 1 0
14 2 0 14 2 0
20 10 0 20 10 0
18 8 0 18 8 0
22 7 0 22 7 0
27 8 0 27 8 0
14 6 0 14 6 0
24 10 0 24 10 0
27 3 0 27 3 0
23 5 0 23 5 0
14 1 0 14 1 0
20 5 0 20 5 0
22 2 0 22 2 0
26 5 0 26 5 0
26 5 0 26 5 0
18 2 0 18 2 0
12 2 0 12 2 0
30 1 0 30 1 0
26 13 0 26 13 0
17 1 0 17 1 0
21 4 0 21 4 0
17 9 0 17 9 0
17 8 0 17 8 0
19 1 0 19 1 0
10 6 0 10 6 0
19 2 0 19 2 0
10 3 0 10 3 0
29 9 0 29 9 0
29 13 0 29 13 0
13 7 0 13 7 0
