17 1 0 17 1 0
22 11 0 22 11 0
12 7 0 12 7 0
25 4 0 25 4 0
16 4 0 16 4 0
22 3 0 22 3 0
18 1 0 18 1 0
10 3 0 10 3 0
27 4 0 27 4 0
27 6 0 27 6 0
18 3 0 18 3 0
23 5 0 23 5 0
18 3 0 18 3 0
17 1 0 17 1 0
17 1 0 17 1 0
26 7 0 26 7 0
11 3 0 11 3 0
13 6 0 13 6 0
17 6 0 17 6 0
19 1 0 19 1 0
18 9 0 18 9 0
16 4 0 16 4 0
11 4 0 11 4 0
10 1 0 10 1 0
28 5 0 28 5 0
21 3 0 21 3 0
13 2 0 13 2 0
30 15 0 30 15 0
20 4 0 20 4 0
30 15 0 30 15 0
16 9 0 16 9 0
12 3 0 12 3 0
29 5 0 29 5 0
26 4 0 26 4 0
20 7 0 20 7 0
29 10 0 29 10 0
29 10 0 29 10 0
16 6 0 16 6 0
17 9 0 17 9 0
