13 7 0 13 7 0
22 8 0 22 8 0
10 3 0 10 3 0
19 1 0 19 1 0
21 8 0 21 8 0
29 7 0 29 7 0
11 3 0 11 3 0
24 3 0 24 3 0
12 1 0 12 1 0
26 8 0 26 8 0
23 5 0 23 5 0
25 6 0 25 6 0
14 6 0 14 6 0
24 10 0 24 10 0
14 4 0 14 4 0
25 5 0 25 5 0
15 7 0 15 7 0
30 16 0 30 16 0
10 2 0 10 2 0
30 4 0 30 4 0
28 1 0 28 1 0
15 3 0 15 3 0
22 11 0 22 11 0
17 9 0 17 9 0
24 8 0 24 8 0
21 9 0 21 9 0
21 1 0 21 1 0
17 1 0 17 1 0
22 1 0 22 1 0
20 5 0 20 5 0
23 1 0 23 1 0
26 13 0 26 13 0
21 6 0 21 6 0
23 5 0 23 5 0
26 11 0 26 11 0
16 7 0 16 7 0
