29 4 0 29 4 0
25 2 0 25 2 0
28 13 0 28 13 0
22 2 0 22 2 0
21 11 0 21 11 0
29 3 0 29 3 0
27 5 0 27 5 0
16 1 0 16 1 0
22 8 0 22 8 0
25 5 0 25 5 0
10 3 0 10 3 0
14 6 0 14 6 0
20 1 0 20 1 0
13 7 0 13 7 0
28 5 0 28 5 0
11 2 0 11 2 0
17 9 0 17 9 0
12 1 0 12 1 0
24 3 0 24 3 0
16 5 0 16 5 0
17 3 0 17 3 0
18 1 0 18 1 0
20 7 0 20 7 0
11 5 0 11 5 0
19 8 0 19 8 0
17 8 0 17 8 0
25 2 0 25 2 0
14 3 0 14 3 0
18 9 0 18 9 0
14 2 0 14 2 0
15 6 0 15 6 0
28 14 0 28 14 0
10 3 0 10 3 0
12 4 0 12 4 0
16 1 0 16 1 0
20 10 0 20 10 0
26 11 0 26 11 0
