30 15 0 30 15 0
18 4 0 18 4 0
23 2 0 23 2 0
17 6 0 17 6 0
19 2 0 19 2 0
11 6 0 11 6 0
11 4 0 11 4 0
11 4 0 11 4 0
11 1 0 11 1 0
22 10 0 22 10 0
25 4 0 25 4 0
19 9 0 19 9 0
19 8 0 19 8 0
11 4 0 11 4 0
30 1 0 30 1 0
24 2 0 24 2 0
11 3 0 11 3 0
14 4 0 14 4 0
19 7 0 19 7 0
21 3 0 21 3 0
28 12 0 28 12 0
19 1 0 19 1 0
22 4 0 22 4 0
20 5 0 20 5 0
18 1 0 18 1 0
11 1 0 11 1 0
24 13 0 24 13 0
12 4 0 12 4 0
11 2 0 11 2 0
11 3 0 11 3 0
25 6 0 25 6 0
19 10 0 19 10 0
11 3 0 11 3 0
30 14 0 30 14 0
16 6 0 16 6 0
16 1 0 16 1 0
