27 1 0 27 1 0
14 5 0 14 5 0
19 4 0 19 4 0
23 12 0 23 12 0
28 3 0 28 3 0
10 5 0 10 5 0
27 3 0 27 3 0
13 3 0 13 3 0
22 5 0 22 5 0
25 3 0 25 3 0
30 9 0 30 9 0
30 3 0 30 3 0
16 3 0 16 3 0
20 10 0 20 10 0
24 2 0 24 2 0
20 6 0 20 6 0
27 14 0 27 14 0
16 9 0 16 9 0
14 1 0 14 1 0
11 5 0 11 5 0
16 5 0 16 5 0
16 2 0 16 2 0
15 4 0 15 4 0
29 9 0 29 9 0
22 11 0 22 11 0
30 10 0 30 10 0
13 6 0 13 6 0
20 3 0 20 3 0
22 3 0 22 3 0
28 1 0 28 1 0
30 3 0 30 3 0
15 1 0 15 1 0
14 5 0 14 5 0
20 9 0 20 9 0
29 3 0 29 3 0
14 4 0 14 4 0
14 3 0 14 3 0
13 1 0 13 1 0
27 6 0 27 6 0
