26 5 0 26 5 0
29 5 0 29 5 0
16 2 0 16 2 0
14 4 0 14 4 0
27 8 0 27 8 0
14 5 0 14 5 0
14 5 0 14 5 0
24 5 0 24 5 0
17 2 0 17 2 0
22 9 0 22 9 0
27 12 0 27 12 0
13 6 0 13 6 0
13 6 0 13 6 0
28 11 0 28 11 0
23 4 0 23 4 0
30 14 0 30 14 0
18 1 0 18 1 0
16 6 0 16 6 0
20 8 0 20 8 0
20 11 0 20 11 0
12 2 0 12 2 0
30 5 0 30 5 0
30 4 0 30 4 0
15 2 0 15 2 0
30 8 0 30 8 0
21 4 0 21 4 0
19 6 0 19 6 0
29 15 0 29 15 0
20 3 0 20 3 0
21 2 0 21 2 0
16 3 0 16 3 0
20 4 0 20 4 0
23 11 0 23 11 0
16 7 0 16 7 0
29 5 0 29 5 0
28 3 0 28 3 0
