23 9 0 23 9 0
10 2 0 10 2 0
28 1 0 28 1 0
14 2 0 14 2 0
24 1 0 24 1 0
12 4 0 12 4 0
14 7 0 14 7 0
25 12 0 25 12 0
25 5 0 25 5 0
16 6 0 16 6 0
20 6 0 20 6 0
14 6 0 14 6 0
23 9 0 23 9 0
23 7 0 23 7 0
28 15 0 28 15 0
22 1 0 22 1 0
22 3 0 22 3 0
20 2 0 20 2 0
24 8 0 24 8 0
22 1 0 22 1 0
22 8 0 22 8 0
28 5 0 28 5 0
25 4 0 25 4 0
18 6 0 18 6 0
21 8 0 21 8 0
19 1 0 19 1 0
20 10 0 20 10 0
13 1 0 13 1 0
10 3 0 10 3 0
10 1 0 10 1 0
17 3 0 17 3 0
19 10 0 19 10 0
17 3 0 17 3 0
11 5 0 11 5 0
14 6 0 14 6 0
19 4 0 19 4 0
30 1 0 30 1 0
26 8 0 26 8 0
