20 4 0 20 4 0
24 3 0 24 3 0
23 12 0 23 12 0
10 1 0 10 1 0
19 6 0 19 6 0
10 5 0 10 5 0
24 5 0 24 5 0
20 3 0 20 3 0
19 8 0 19 8 0
23 5 0 23 5 0
14 4 0 14 4 0
13 4 0 13 4 0
22 4 0 22 4 0
21 8 0 21 8 0
19 5 0 19 5 0
22 7 0 22 7 0
29 3 0 29 3 0
27 14 0 27 14 0
22 9 0 22 9 0
24 1 0 24 1 0
12 3 0 12 3 0
23 4 0 23 4 0
11 4 0 11 4 0
12 4 0 12 4 0
12 1 0 12 1 0
27 4 0 27 4 0
26 5 0 26 5 0
15 4 0 15 4 0
14 2 0 14 2 0
15 3 0 15 3 0
21 7 0 21 7 0
15 8 0 15 8 0
19 6 0 19 6 0
21 8 0 21 8 0
12 4 0 12 4 0
29 12 0 29 12 0
