14 3 0 14 3 0
15 5 0 15 5 0
29 8 0 29 8 0
23 4 0 23 4 0
19 8 0 19 8 0
19 10 0 19 10 0
17 2 0 17 2 0
26 2 0 26 2 0
19 7 0 19 7 0
25 4 0 25 4 0
14 2 0 14 2 0
24 3 0 24 3 0
13 1 0 13 1 0
14 2 0 14 2 0
28 6 0 28 6 0
18 6 0 18 6 0
16 2 0 16 2 0
17 6 0 17 6 0
26 5 0 26 5 0
26 8 0 26 8 0
20 6 0 20 6 0
15 2 0 15 2 0
11 3 0 11 3 0
13 4 0 13 4 0
29 3 0 29 3 0
30 14 0 30 14 0
24 11 0 24 11 0
27 10 0 27 10 0
26 10 0 26 10 0
30 3 0 30 3 0
18 2 0 18 2 0
19 3 0 19 3 0
26 8 0 26 8 0
11 1 0 11 1 0
11 2 0 11 2 0
15 6 0 15 6 0
20 8 0 20 8 0
20 10 0 20 10 0
23 6 0 23 6 0
11 1 0 11 1 0
