19 8 0 19 8 0
10 1 0 10 1 0
22 5 0 22 5 0
30 5 0 30 5 0
18 7 0 18 7 0
28 5 0 28 5 0
13 7 0 13 7 0
21 7 0 21 7 0
21 1 0 21 1 0
27 1 0 27 1 0
29 10 0 29 10 0
12 1 0 12 1 0
27 4 0 27 4 0
10 1 0 10 1 0
30 12 0 30 12 0
20 2 0 20 2 0
13 4 0 13 4 0
22 4 0 22 4 0
27 9 0 27 9 0
12 6 0 12 6 0
30 9 0 30 9 0
26 3 0 26 3 0
26 14 0 26 14 0
13 4 0 13 4 0
18 10 0 18 10 0
23 10 0 23 10 0
15 7 0 15 7 0
24 12 0 24 12 0
12 3 0 12 3 0
28 3 0 28 3 0
15 7 0 15 7 0
13 4 0 13 4 0
14 6 0 14 6 0
19 1 0 19 1 0
22 9 0 22 9 0
