30 6 0 30 6 0
26 13 0 26 13 0
14 5 0 14 5 0
25 6 0 25 6 0
26 13 0 26 13 0
23 2 0 23 2 0
13 5 0 13 5 0
16 3 0 16 3 0
27 5 0 27 5 0
27 10 0 27 10 0
13 1 0 13 1 0
18 5 0 18 5 0
28 8 0 28 8 0
14 6 0 14 6 0
17 2 0 17 2 0
12 2 0 12 2 0
29 10 0 29 10 0
23 1 0 23 1 0
24 8 0 24 8 0
30 6 0 30 6 0
29 9 0 29 9 0
24 7 0 24 7 0
21 3 0 21 3 0
23 8 0 23 8 0
29 1 0 29 1 0
26 2 0 26 2 0
15 4 0 15 4 0
19 7 0 19 7 0
17 1 0 17 1 0
29 10 0 29 10 0
18 4 0 18 4 0
22 8 0 22 8 0
30 9 0 30 9 0
15 6 0 15 6 0
22 10 0 22 10 0
21 3 0 21 3 0
27 4 0 27 4 0
20 1 0 20 1 0
26 9 0 26 9 0
18 9 0 18 9 0
