27 11 0 27 11 0
16 3 0 16 3 0
28 3 0 28 3 0
18 6 0 18 6 0
25 7 0 25 7 0
23 8 0 23 8 0
30 15 0 30 15 0
23 5 0 23 5 0
12 1 0 12 1 0
19 4 0 19 4 0
27 14 0 27 14 0
30 14 0 30 14 0
24 12 0 24 12 0
16 5 0 16 5 0
21 3 0 21 3 0
24 1 0 24 1 0
20 5 0 20 5 0
11 2 0 11 2 0
16 4 0 16 4 0
23 7 0 23 7 0
23 5 0 23 5 0
27 10 0 27 10 0
13 1 0 13 1 0
30 14 0 30 14 0
28 2 0 28 2 0
20 1 0 20 1 0
10 1 0 10 1 0
12 6 0 12 6 0
17 1 0 17 1 0
16 4 0 16 4 0
26 2 0 26 2 0
10 4 0 10 4 0
15 6 0 15 6 0
20 7 0 20 7 0
15 5 0 15 5 0
18 4 0 18 4 0
22 8 0 22 8 0
22 7 0 22 7 0
