28 6 0 28 6 0
28 2 0 28 2 0
12 5 0 12 5 0
18 4 0 18 4 0
24 5 0 24 5 0
12 4 0 12 4 0
30 5 0 30 5 0
23 3 0 23 3 0
21 3 0 21 3 0
21 5 0 21 5 0
15 6 0 15 6 0
13 1 0 13 1 0
12 3 0 12 3 0
24 5 0 24 5 0
11 1 0 11 1 0
11 1 0 11 1 0
20 1 0 20 1 0
16 5 0 16 5 0
28 2 0 28 2 0
30 13 0 30 13 0
14 7 0 14 7 0
23 11 0 23 11 0
19 2 0 19 2 0
21 1 0 21 1 0
30 9 0 30 9 0
20 10 0 20 10 0
13 7 0 13 7 0
14 4 0 14 4 0
20 4 0 20 4 0
10 5 0 10 5 0
11 1 0 11 1 0
10 4 0 10 4 0
17 8 0 17 8 0
24 7 0 24 7 0
19 2 0 19 2 0
21 5 0 21 5 0
16 1 0 16 1 0
11 2 0 11 2 0
22 2 0 22 2 0
22 5 0 22 5 0
16 8 0 16 8 0
