23 12 0 23 12 0
16 2 0 16 2 0
13 4 0 13 4 0
13 5 0 13 5 0
21 2 0 21 2 0
24 13 0 24 13 0
29 2 0 29 2 0
27 4 0 27 4 0
17 4 0 17 4 0
28 2 0 28 2 0
19 4 0 19 4 0
17 8 0 17 8 0
15 6 0 15 6 0
21 8 0 21 8 0
22 11 0 22 11 0
27 11 0 27 11 0
11 1 0 11 1 0
15 3 0 15 3 0
30 12 0 30 12 0
11 4 0 11 4 0
21 3 0 21 3 0
18 2 0 18 2 0
28 4 0 28 4 0
16 5 0 16 5 0
10 4 0 10 4 0
13 2 0 13 2 0
23 2 0 23 2 0
29 2 0 29 2 0
23 11 0 23 11 0
21 2 0 21 2 0
25 6 0 25 6 0
13 7 0 13 7 0
10 1 0 10 1 0
10 3 0 10 3 0
28 3 0 28 3 0
16 3 0 16 3 0
23 5 0 23 5 0
21 10 0 21 10 0
