29 2 0 29 2 0
29 10 0 29 10 0
14 3 0 14 3 0
13 3 0 13 3 0
21 10 0 21 10 0
13 3 0 13 3 0
29 2 0 29 2 0
27 1 0 27 1 0
15 5 0 15 5 0
14 7 0 14 7 0
29 14 0 29 14 0
22 3 0 22 3 0
15 4 0 15 4 0
17 9 0 17 9 0
21 7 0 21 7 0
16 2 0 16 2 0
30 14 0 30 14 0
10 4 0 10 4 0
15 4 0 15 4 0
24 9 0 24 9 0
12 1 0 12 1 0
21 1 0 21 1 0
11 2 0 11 2 0
24 8 0 24 8 0
19 4 0 19 4 0
28 13 0 28 13 0
22 11 0 22 11 0
26 7 0 26 7 0
24 1 0 24 1 0
16 3 0 16 3 0
18 1 0 18 1 0
18 8 0 18 8 0
17 6 0 17 6 0
15 2 0 15 2 0
10 2 0 10 2 0
18 2 0 18 2 0
17 7 0 17 7 0
27 8 0 27 8 0
