16 9 0 16 9 0
14 5 0 14 5 0
23 1 0 23 1 0
20 10 0 20 10 0
15 1 0 15 1 0
13 4 0 13 4 0
10 5 0 10 5 0
24 9 0 24 9 0
10 4 0 10 4 0
16 6 0 16 6 0
14 2 0 14 2 0
19 8 0 19 8 0
20 5 0 20 5 0
22 4 0 22 4 0
17 6 0 17 6 0
18 7 0 18 7 0
13 4 0 13 4 0
20 3 0 20 3 0
29 8 0 29 8 0
25 10 0 25 10 0
20 4 0 20 4 0
14 2 0 14 2 0
19 1 0 19 1 0
28 3 0 28 3 0
14 2 0 14 2 0
20 3 0 20 3 0
23 8 0 23 8 0
28 13 0 28 13 0
16 1 0 16 1 0
20 7 0 20 7 0
28 12 0 28 12 0
20 5 0 20 5 0
20 1 0 20 1 0
27 9 0 27 9 0
12 1 0 12 1 0
23 10 0 23 10 0
24 11 0 24 11 0
