29 4 0 29 4 0
23 8 0 23 8 0
23 8 0 23 8 0
29 8 0 29 8 0
15 7 0 15 7 0
29 5 0 29 5 0
18 2 0 18 2 0
16 3 0 16 3 0
28 13 0 28 13 0
13 1 0 13 1 0
12 6 0 12 6 0
22 3 0 22 3 0
18 1 0 18 1 0
26 5 0 26 5 0
17 1 0 17 1 0
13 1 0 13 1 0
28 10 0 28 10 0
26 12 0 26 12 0
20 1 0 20 1 0
21 5 0 21 5 0
11 5 0 11 5 0
17 5 0 17 5 0
25 7 0 25 7 0
27 13 0 27 13 0
19 2 0 19 2 0
26 14 0 26 14 0
17 6 0 17 6 0
10 3 0 10 3 0
24 11 0 24 11 0
21 3 0 21 3 0
23 8 0 23 8 0
14 4 0 14 4 0
23 4 0 23 4 0
21 7 0 21 7 0
24 13 0 24 13 0
27 11 0 27 11 0
