24 13 0 24 13 0
11 5 0 11 5 0
11 6 0 11 6 0
28 5 0 28 5 0
25 12 0 25 12 0
13 3 0 13 3 0
17 7 0 17 7 0
22 10 0 22 10 0
16 2 0 16 2 0
13 1 0 13 1 0
12 2 0 12 2 0
10 1 0 10 1 0
11 5 0 11 5 0
13 4 0 13 4 0
28 15 0 28 15 0
20 5 0 20 5 0
25 8 0 25 8 0
17 1 0 17 1 0
22 3 0 22 3 0
28 8 0 28 8 0
20 2 0 20 2 0
12 1 0 12 1 0
14 6 0 14 6 0
26 8 0 26 8 0
19 6 0 19 6 0
27 11 0 27 11 0
18 1 0 18 1 0
10 5 0 10 5 0
16 1 0 16 1 0
20 10 0 20 10 0
25 1 0 25 1 0
24 10 0 24 10 0
13 3 0 13 3 0
14 2 0 14 2 0
13 5 0 13 5 0
