22 3 0 22 3 0
11 5 0 11 5 0
28 6 0 28 6 0
27 11 0 27 11 0
29 2 0 29 2 0
20 4 0 20 4 0
18 2 0 18 2 0
22 1 0 22 1 0
26 6 0 26 6 0
14 1 0 14 1 0
26 8 0 26 8 0
23 12 0 23 12 0
23 1 0 23 1 0
10 5 0 10 5 0
12 4 0 12 4 0
15 4 0 15 4 0
20 2 0 20 2 0
30 9 0 30 9 0
22 11 0 22 11 0
25 12 0 25 12 0
20 9 0 20 9 0
17 5 0 17 5 0
23 10 0 23 10 0
25 3 0 25 3 0
11 2 0 11 2 0
27 7 0 27 7 0
28 2 0 28 2 0
11 5 0 11 5 0
11 4 0 11 4 0
20 8 0 20 8 0
10 3 0 10 3 0
11 1 0 11 1 0
12 4 0 12 4 0
27 11 0 27 11 0
25 2 0 25 2 0
24 6 0 24 6 0
30 4 0 30 4 0
22 3 0 22 3 0
