25 10 0 25 10 0
23 11 0 23 11 0
16 5 0 16 5 0
11 1 0 11 1 0
22 5 0 22 5 0
27 12 0 27 12 0
29 3 0 29 3 0
22 9 0 22 9 0
16 8 0 16 8 0
29 3 0 29 3 0
13 6 0 13 6 0
24 1 0 24 1 0
20 8 0 20 8 0
18 3 0 18 3 0
25 13 0 25 13 0
19 7 0 19 7 0
11 1 0 11 1 0
16 5 0 16 5 0
16 1 0 16 1 0
14 1 0 14 1 0
20 7 0 20 7 0
13 1 0 13 1 0
26 12 0 26 12 0
18 10 0 18 10 0
17 1 0 17 1 0
30 3 0 30 3 0
17 8 0 17 8 0
27 3 0 27 3 0
22 3 0 22 3 0
29 2 0 29 2 0
16 1 0 16 1 0
10 4 0 10 4 0
19 3 0 19 3 0
13 3 0 13 3 0
16 2 0 16 2 0
27 6 0 27 6 0
19 8 0 19 8 0
23 4 0 23 4 0
15 6 0 15 6 0
