10 4 0 10 4 0
24 7 0 24 7 0
24 3 0 24 3 0
21 2 0 21 2 0
19 5 0 19 5 0
20 10 0 20 10 0
24 7 0 24 7 0
16 2 0 16 2 0
20 6 0 20 6 0
21 10 0 21 10 0
11 5 0 11 5 0
15 6 0 15 6 0
21 3 0 21 3 0
28 1 0 28 1 0
26 4 0 26 4 0
26 10 0 26 10 0
20 2 0 20 2 0
10 4 0 10 4 0
13 5 0 13 5 0
24 10 0 24 10 0
11 5 0 11 5 0
18 8 0 18 8 0
13 5 0 13 5 0
24 13 0 24 13 0
14 8 0 14 8 0
30 2 0 30 2 0
29 1 0 29 1 0
21 3 0 21 3 0
12 3 0 12 3 0
16 6 0 16 6 0
29 4 0 29 4 0
19 3 0 19 3 0
16 9 0 16 9 0
21 2 0 21 2 0
19 1 0 19 1 0
