26 3 0 26 3 0
14 7 0 14 7 0
28 1 0 28 1 0
18 3 0 18 3 0
30 5 0 30 5 0
25 7 0 25 7 0
18 3 0 18 3 0
13 4 0 13 4 0
26 11 0 26 11 0
30 16 0 30 16 0
20 5 0 20 5 0
21 11 0 21 11 0
27 9 0 27 9 0
15 1 0 15 1 0
22 11 0 22 11 0
15 4 0 15 4 0
29 13 0 29 13 0
20 7 0 20 7 0
28 3 0 28 3 0
15 7 0 15 7 0
16 1 0 16 1 0
23 8 0 23 8 0
25 4 0 25 4 0
23 1 0 23 1 0
27 9 0 27 9 0
15 1 0 15 1 0
26 2 0 26 2 0
29 15 0 29 15 0
24 1 0 24 1 0
14 8 0 14 8 0
12 2 0 12 2 0
19 10 0 19 10 0
12 4 0 12 4 0
10 3 0 10 3 0
16 4 0 16 4 0
23 12 0 23 12 0
