20 8 0 20 8 0
30 1 0 30 1 0
23 12 0 23 12 0
12 5 0 12 5 0
18 6 0 18 6 0
23 6 0 23 6 0
14 2 0 14 2 0
30 3 0 30 3 0
27 1 0 27 1 0
26 1 0 26 1 0
15 4 0 15 4 0
18 5 0 18 5 0
17 5 0 17 5 0
14 4 0 14 4 0
13 1 0 13 1 0
21 3 0 21 3 0
13 4 0 13 4 0
11 4 0 11 4 0
22 8 0 22 8 0
27 7 0 27 7 0
28 3 0 28 3 0
19 2 0 19 2 0
29 12 0 29 12 0
29 11 0 29 11 0
20 3 0 20 3 0
13 3 0 13 3 0
15 7 0 15 7 0
15 4 0 15 4 0
18 7 0 18 7 0
22 1 0 22 1 0
15 2 0 15 2 0
25 11 0 25 11 0
17 2 0 17 2 0
29 2 0 29 2 0
22 12 0 22 12 0
27 12 0 27 12 0
24 11 0 24 11 0
25 9 0 25 9 0
