22 8 0 22 8 0
26 9 0 26 9 0
10 2 0 10 2 0
15 1 0 15 1 0
22 7 0 22 7 0
28 5 0 28 5 0
13 4 0 13 4 0
16 5 0 16 5 0
28 13 0 28 13 0
23 2 0 23 2 0
25 1 0 25 1 0
12 2 0 12 2 0
20 3 0 20 3 0
30 7 0 30 7 0
25 2 0 25 2 0
10 5 0 10 5 0
10 3 0 10 3 0
25 10 0 25 10 0
30 13 0 30 13 0
22 9 0 22 9 0
17 4 0 17 4 0
19 5 0 19 5 0
28 7 0 28 7 0
15 5 0 15 5 0
21 8 0 21 8 0
24 2 0 24 2 0
19 10 0 19 10 0
24 2 0 24 2 0
25 13 0 25 13 0
19 8 0 19 8 0
25 8 0 25 8 0
24 6 0 24 6 0
19 5 0 19 5 0
19 1 0 19 1 0
22 7 0 22 7 0
17 3 0 17 3 0
30 1 0 30 1 0
14 1 0 14 1 0
10 5 0 10 5 0
