28 11 0 28 11 0
25 7 0 25 7 0
30 8 0 30 8 0
28 14 0 28 14 0
11 1 0 11 1 0
13 7 0 13 7 0
20 5 0 20 5 0
28 5 0 28 5 0
20 8 0 20 8 0
11 6 0 11 6 0
20 8 0 20 8 0
17 4 0 17 4 0
19 2 0 19 2 0
28 11 0 28 11 0
11 4 0 11 4 0
12 1 0 12 1 0
14 3 0 14 3 0
12 1 0 12 1 0
19 8 0 19 8 0
17 3 0 17 3 0
24 2 0 24 2 0
25 8 0 25 8 0
25 12 0 25 12 0
15 2 0 15 2 0
11 2 0 11 2 0
10 1 0 10 1 0
28 6 0 28 6 0
18 10 0 18 10 0
17 4 0 17 4 0
24 5 0 24 5 0
20 5 0 20 5 0
19 3 0 19 3 0
11 5 0 11 5 0
16 2 0 16 2 0
15 5 0 15 5 0
17 2 0 17 2 0
27 6 0 27 6 0
