26 11 0 26 11 0
30 14 0 30 14 0
16 2 0 16 2 0
26 10 0 26 10 0
14 1 0 14 1 0
30 9 0 30 9 0
18 8 0 18 8 0
17 6 0 17 6 0
26 3 0 26 3 0
21 7 0 21 7 0
22 12 0 22 12 0
10 1 0 10 1 0
18 6 0 18 6 0
16 6 0 16 6 0
28 2 0 28 2 0
19 8 0 19 8 0
21 5 0 21 5 0
24 13 0 24 13 0
22 6 0 22 6 0
15 1 0 15 1 0
23 7 0 23 7 0
10 1 0 10 1 0
22 3 0 22 3 0
16 2 0 16 2 0
23 3 0 23 3 0
23 9 0 23 9 0
15 5 0 15 5 0
15 3 0 15 3 0
12 6 0 12 6 0
25 1 0 25 1 0
24 12 0 24 12 0
11 1 0 11 1 0
21 10 0 21 10 0
29 11 0 29 11 0
24 4 0 24 4 0
27 9 0 27 9 0
