10 5 0 10 5 0
13 6 0 13 6 0
27 11 0 27 11 0
10 1 0 10 1 0
18 9 0 18 9 0
19 2 0 19 2 0
17 8 0 17 8 0
27 2 0 27 2 0
25 7 0 25 7 0
18 9 0 18 9 0
15 6 0 15 6 0
25 9 0 25 9 0
20 2 0 20 2 0
25 4 0 25 4 0
16 6 0 16 6 0
16 4 0 16 4 0
27 1 0 27 1 0
18 3 0 18 3 0
29 11 0 29 11 0
15 4 0 15 4 0
12 3 0 12 3 0
10 1 0 10 1 0
19 3 0 19 3 0
22 2 0 22 2 0
13 2 0 13 2 0
10 4 0 10 4 0
24 12 0 24 12 0
29 8 0 29 8 0
10 5 0 10 5 0
22 3 0 22 3 0
19 2 0 19 2 0
27 6 0 27 6 0
25 7 0 25 7 0
24 1 0 24 1 0
18 3 0 18 3 0
10 6 0 10 6 0
25 3 0 25 3 0
20 11 0 20 11 0
