26 3 0 26 3 0
20 1 0 20 1 0
26 2 0 26 2 0
29 8 0 29 8 0
15 3 0 15 3 0
21 8 0 21 8 0
22 8 0 22 8 0
28 10 0 28 10 0
16 3 0 16 3 0
11 6 0 11 6 0
10 6 0 10 6 0
15 1 0 15 1 0
15 4 0 15 4 0
10 5 0 10 5 0
24 4 0 24 4 0
21 9 0 21 9 0
23 7 0 23 7 0
27 6 0 27 6 0
23 1 0 23 1 0
13 5 0 13 5 0
22 6 0 22 6 0
23 4 0 23 4 0
14 5 0 14 5 0
19 7 0 19 7 0
30 7 0 30 7 0
28 7 0 28 7 0
12 2 0 12 2 0
18 7 0 18 7 0
13 5 0 13 5 0
20 5 0 20 5 0
27 8 0 27 8 0
12 1 0 12 1 0
12 6 0 12 6 0
25 4 0 25 4 0
15 3 0 15 3 0
13 7 0 13 7 0
