27 11 0 27 11 0
29 6 0 29 6 0
12 2 0 12 2 0
21 6 0 21 6 0
14 2 0 14 2 0
22 2 0 22 2 0
23 8 0 23 8 0
11 1 0 11 1 0
10 3 0 10 3 0
23 2 0 23 2 0
28 9 0 28 9 0
21 3 0 21 3 0
28 15 0 28 15 0
29 9 0 29 9 0
11 4 0 11 4 0
26 5 0 26 5 0
19 1 0 19 1 0
27 9 0 27 9 0
17 2 0 17 2 0
13 4 0 13 4 0
29 4 0 29 4 0
28 1 0 28 1 0
10 2 0 10 2 0
17 9 0 17 9 0
18 7 0 18 7 0
24 12 0 24 12 0
23 7 0 23 7 0
15 3 0 15 3 0
27 6 0 27 6 0
28 1 0 28 1 0
28 13 0 28 13 0
17 9 0 17 9 0
16 1 0 16 1 0
16 3 0 16 3 0
13 5 0 13 5 0
17 4 0 17 4 0
24 10 0 24 10 0
15 6 0 15 6 0
