30 5 0 30 5 0
10 4 0 10 4 0
20 1 0 20 1 0
13 4 0 13 4 0
14 4 0 14 4 0
29 14 0 29 14 0
28 6 0 28 6 0
16 8 0 16 8 0
11 6 0 11 6 0
17 7 0 17 7 0
18 1 0 18 1 0
13 4 0 13 4 0
22 3 0 22 3 0
21 8 0 21 8 0
20 3 0 20 3 0
19 8 0 19 8 0
17 7 0 17 7 0
13 2 0 13 2 0
18 8 0 18 8 0
24 6 0 24 6 0
26 12 0 26 12 0
18 1 0 18 1 0
15 8 0 15 8 0
12 1 0 12 1 0
16 1 0 16 1 0
11 2 0 11 2 0
27 7 0 27 7 0
16 1 0 16 1 0
10 3 0 10 3 0
11 5 0 11 5 0
28 1 0 28 1 0
17 2 0 17 2 0
14 3 0 14 3 0
19 9 0 19 9 0
20 7 0 20 7 0
12 2 0 12 2 0
12 5 0 12 5 0
