16 6 0 16 6 0
25 6 0 25 6 0
29 5 0 29 5 0
18 4 0 18 4 0
14 1 0 14 1 0
16 3 0 16 3 0
12 2 0 12 2 0
11 4 0 11 4 0
25 6 0 25 6 0
26 6 0 26 6 0
26 3 0 26 3 0
27 3 0 27 3 0
18 5 0 18 5 0
27 2 0 27 2 0
16 2 0 16 2 0
13 1 0 13 1 0
11 1 0 11 1 0
28 5 0 28 5 0
29 7 0 29 7 0
23 10 0 23 10 0
26 10 0 26 10 0
12 4 0 12 4 0
14 4 0 14 4 0
19 1 0 19 1 0
15 2 0 15 2 0
28 9 0 28 9 0
10 4 0 10 4 0
23 11 0 23 11 0
29 3 0 29 3 0
20 5 0 20 5 0
27 2 0 27 2 0
14 5 0 14 5 0
24 8 0 24 8 0
25 7 0 25 7 0
15 6 0 15 6 0
17 3 0 17 3 0
25 10 0 25 10 0
13 2 0 13 2 0
22 3 0 22 3 0
10 4 0 10 4 0
28 13 0 28 13 0
21 8 0 21 8 0
