20 3 0 20 3 0
21 3 0 21 3 0
24 10 0 24 10 0
16 4 0 16 4 0
13 3 0 13 3 0
21 4 0 21 4 0
14 5 0 14 5 0
21 8 0 21 8 0
20 7 0 20 7 0
29 1 0 29 1 0
18 4 0 18 4 0
30 14 0 30 14 0
14 3 0 14 3 0
13 2 0 13 2 0
26 5 0 26 5 0
26 2 0 26 2 0
24 11 0 24 11 0
20 3 0 20 3 0
15 3 0 15 3 0
17 7 0 17 7 0
16 1 0 16 1 0
19 4 0 19 4 0
29 5 0 29 5 0
11 2 0 11 2 0
22 12 0 22 12 0
30 6 0 30 6 0
11 6 0 11 6 0
11 3 0 11 3 0
17 5 0 17 5 0
28 12 0 28 12 0
23 9 0 23 9 0
28 1 0 28 1 0
11 6 0 11 6 0
14 2 0 14 2 0
14 7 0 14 7 0
12 2 0 12 2 0
30 9 0 30 9 0
