16 8 0 16 8 0
15 3 0 15 3 0
15 4 0 15 4 0
30 1 0 30 1 0
10 5 0 10 5 0
24 8 0 24 8 0
26 7 0 26 7 0
24 4 0 24 4 0
30 10 0 30 10 0
22 4 0 22 4 0
30 11 0 30 11 0
27 10 0 27 10 0
29 13 0 29 13 0
14 5 0 14 5 0
11 1 0 11 1 0
27 9 0 27 9 0
18 3 0 18 3 0
27 11 0 27 11 0
20 1 0 20 1 0
19 2 0 19 2 0
25 6 0 25 6 0
15 8 0 15 8 0
24 3 0 24 3 0
19 2 0 19 2 0
28 13 0 28 13 0
14 3 0 14 3 0
13 6 0 13 6 0
22 8 0 22 8 0
20 2 0 20 2 0
30 4 0 30 4 0
24 1 0 24 1 0
13 5 0 13 5 0
18 9 0 18 9 0
30 4 0 30 4 0
18 4 0 18 4 0
14 1 0 14 1 0
10 4 0 10 4 0
21 6 0 21 6 0
