10 2 0 10 2 0
12 1 0 12 1 0
14 5 0 14 5 0
23 9 0 23 9 0
29 3 0 29 3 0
12 7 0 12 7 0
26 9 0 26 9 0
22 11 0 22 11 0
21 1 0 21 1 0
17 5 0 17 5 0
22 5 0 22 5 0
25 11 0 25 11 0
13 3 0 13 3 0
17 1 0 17 1 0
26 11 0 26 11 0
27 9 0 27 9 0
11 2 0 11 2 0
10 4 0 10 4 0
16 6 0 16 6 0
29 15 0 29 15 0
15 2 0 15 2 0
28 3 0 28 3 0
29 10 0 29 10 0
13 7 0 13 7 0
18 8 0 18 8 0
23 5 0 23 5 0
21 3 0 21 3 0
26 6 0 26 6 0
23 6 0 23 6 0
27 5 0 27 5 0
30 6 0 30 6 0
21 9 0 21 9 0
19 1 0 19 1 0
29 3 0 29 3 0
12 6 0 12 6 0
26 13 0 26 13 0
