16 7 0 16 7 0
23 6 0 23 6 0
20 7 0 20 7 0
21 3 0 21 3 0
27 12 0 27 12 0
29 1 0 29 1 0
29 5 0 29 5 0
14 3 0 14 3 0
18 3 0 18 3 0
24 13 0 24 13 0
22 1 0 22 1 0
10 5 0 10 5 0
17 8 0 17 8 0
23 7 0 23 7 0
26 1 0 26 1 0
19 5 0 19 5 0
27 8 0 27 8 0
14 5 0 14 5 0
10 1 0 10 1 0
18 9 0 18 9 0
26 6 0 26 6 0
14 8 0 14 8 0
10 3 0 10 3 0
21 2 0 21 2 0
20 11 0 20 11 0
10 4 0 10 4 0
11 1 0 11 1 0
25 5 0 25 5 0
20 5 0 20 5 0
11 4 0 11 4 0
19 1 0 19 1 0
16 6 0 16 6 0
30 2 0 30 2 0
11 3 0 11 3 0
19 5 0 19 5 0
12 1 0 12 1 0
12 7 0 12 7 0
