27 4 0 27 4 0
19 10 0 19 10 0
29 13 0 29 13 0
11 1 0 11 1 0
20 11 0 20 11 0
18 10 0 18 10 0
12 1 0 12 1 0
13 1 0 13 1 0
27 5 0 27 5 0
19 1 0 19 1 0
22 1 0 22 1 0
18 3 0 18 3 0
11 5 0 11 5 0
27 7 0 27 7 0
25 4 0 25 4 0
28 11 0 28 11 0
29 4 0 29 4 0
19 1 0 19 1 0
24 10 0 24 10 0
27 1 0 27 1 0
22 10 0 22 10 0
19 5 0 19 5 0
27 9 0 27 9 0
12 2 0 12 2 0
23 1 0 23 1 0
27 13 0 27 13 0
14 6 0 14 6 0
17 4 0 17 4 0
26 6 0 26 6 0
17 7 0 17 7 0
20 6 0 20 6 0
11 6 0 11 6 0
15 7 0 15 7 0
26 5 0 26 5 0
24 8 0 24 8 0
13 6 0 13 6 0
