10 5 0 10 5 0
10 1 0 10 1 0
12 2 0 12 2 0
17 9 0 17 9 0
24 12 0 24 12 0
16 8 0 16 8 0
29 6 0 29 6 0
24 7 0 24 7 0
10 2 0 10 2 0
30 10 0 30 10 0
17 5 0 17 5 0
25 6 0 25 6 0
27 3 0 27 3 0
18 10 0 18 10 0
23 10 0 23 10 0
10 6 0 10 6 0
17 3 0 17 3 0
27 5 0 27 5 0
30 5 0 30 5 0
10 5 0 10 5 0
18 5 0 18 5 0
29 7 0 29 7 0
12 2 0 12 2 0
23 1 0 23 1 0
21 6 0 21 6 0
30 16 0 30 16 0
10 1 0 10 1 0
19 5 0 19 5 0
25 7 0 25 7 0
25 3 0 25 3 0
15 4 0 15 4 0
16 2 0 16 2 0
30 3 0 30 3 0
14 1 0 14 1 0
13 6 0 13 6 0
23 6 0 23 6 0
