21 6 0 21 6 0
30 16 0 30 16 0
27 11 0 27 11 0
22 7 0 22 7 0
20 7 0 20 7 0
30 9 0 30 9 0
20 1 0 20 1 0
18 2 0 18 2 0
17 9 0 17 9 0
26 3 0 26 3 0
13 4 0 13 4 0
11 1 0 11 1 0
12 2 0 12 2 0
21 11 0 21 11 0
21 8 0 21 8 0
17 2 0 17 2 0
20 8 0 20 8 0
30 11 0 30 11 0
30 8 0 30 8 0
24 9 0 24 9 0
27 9 0 27 9 0
20 10 0 20 10 0
23 4 0 23 4 0
13 1 0 13 1 0
21 7 0 21 7 0
17 1 0 17 1 0
13 5 0 13 5 0
24 13 0 24 13 0
28 6 0 28 6 0
12 1 0 12 1 0
21 10 0 21 10 0
18 7 0 18 7 0
11 1 0 11 1 0
13 1 0 13 1 0
14 6 0 14 6 0
