14 6 0 14 6 0
22 6 0 22 6 0
15 2 0 15 2 0
22 4 0 22 4 0
22 1 0 22 1 0
28 15 0 28 15 0
29 14 0 29 14 0
27 13 0 27 13 0
17 1 0 17 1 0
12 6 0 12 6 0
26 9 0 26 9 0
19 6 0 19 6 0
19 2 0 19 2 0
30 3 0 30 3 0
14 1 0 14 1 0
12 3 0 12 3 0
21 10 0 21 10 0
13 3 0 13 3 0
16 6 0 16 6 0
18 1 0 18 1 0
24 11 0 24 11 0
13 2 0 13 2 0
24 5 0 24 5 0
15 8 0 15 8 0
24 5 0 24 5 0
26 5 0 26 5 0
25 11 0 25 11 0
29 5 0 29 5 0
24 8 0 24 8 0
22 12 0 22 12 0
13 4 0 13 4 0
27 4 0 27 4 0
11 5 0 11 5 0
13 3 0 13 3 0
27 5 0 27 5 0
