27 7 0 27 7 0
19 7 0 19 7 0
16 3 0 16 3 0
15 3 0 15 3 0
23 11 0 23 11 0
10 2 0 10 2 0
12 4 0 12 4 0
21 3 0 21 3 0
18 1 0 18 1 0
26 2 0 26 2 0
27 4 0 27 4 0
13 5 0 13 5 0
23 8 0 23 8 0
15 7 0 15 7 0
12 1 0 12 1 0
14 8 0 14 8 0
13 5 0 13 5 0
29 4 0 29 4 0
19 6 0 19 6 0
22 11 0 22 11 0
16 4 0 16 4 0
29 11 0 29 11 0
30 2 0 30 2 0
26 3 0 26 3 0
12 5 0 12 5 0
13 2 0 13 2 0
26 4 0 26 4 0
30 11 0 30 11 0
24 1 0 24 1 0
23 8 0 23 8 0
25 13 0 25 13 0
28 10 0 28 10 0
11 1 0 11 1 0
26 7 0 26 7 0
15 7 0 15 7 0
18 7 0 18 7 0
