18 10 0 18 10 0
14 6 0 14 6 0
10 2 0 10 2 0
15 4 0 15 4 0
23 2 0 23 2 0
25 8 0 25 8 0
23 12 0 23 12 0
28 2 0 28 2 0
21 1 0 21 1 0
25 3 0 25 3 0
19 5 0 19 5 0
20 2 0 20 2 0
13 3 0 13 3 0
29 12 0 29 12 0
25 3 0 25 3 0
26 2 0 26 2 0
17 3 0 17 3 0
21 9 0 21 9 0
21 8 0 21 8 0
15 7 0 15 7 0
11 6 0 11 6 0
13 3 0 13 3 0
12 3 0 12 3 0
18 4 0 18 4 0
13 5 0 13 5 0
27 5 0 27 5 0
27 13 0 27 13 0
23 11 0 23 11 0
29 6 0 29 6 0
23 2 0 23 2 0
22 12 0 22 12 0
16 2 0 16 2 0
20 3 0 20 3 0
24 13 0 24 13 0
24 13 0 24 13 0
