11 1 0 11 1 0
29 11 0 29 11 0
23 9 0 23 9 0
27 4 0 27 4 0
28 13 0 28 13 0
14 1 0 14 1 0
25 9 0 25 9 0
17 3 0 17 3 0
23 1 0 23 1 0
19 5 0 19 5 0
28 12 0 28 12 0
28 2 0 28 2 0
28 14 0 28 14 0
19 4 0 19 4 0
27 4 0 27 4 0
30 6 0 30 6 0
17 6 0 17 6 0
23 5 0 23 5 0
27 2 0 27 2 0
22 6 0 22 6 0
26 14 0 26 14 0
15 3 0 15 3 0
23 9 0 23 9 0
17 3 0 17 3 0
14 6 0 14 6 0
16 1 0 16 1 0
17 4 0 17 4 0
23 4 0 23 4 0
22 3 0 22 3 0
13 5 0 13 5 0
15 8 0 15 8 0
28 12 0 28 12 0
25 1 0 25 1 0
22 1 0 22 1 0
21 6 0 21 6 0
28 12 0 28 12 0
11 1 0 11 1 0
29 13 0 29 13 0
28 14 0 28 14 0
