20 7 0 20 7 0
21 7 0 21 7 0
15 3 0 15 3 0
28 6 0 28 6 0
12 3 0 12 3 0
30 6 0 30 6 0
23 1 0 23 1 0
27 6 0 27 6 0
10 5 0 10 5 0
22 10 0 22 10 0
25 7 0 25 7 0
25 2 0 25 2 0
19 2 0 19 2 0
25 5 0 25 5 0
24 5 0 24 5 0
13 3 0 13 3 0
20 2 0 20 2 0
28 1 0 28 1 0
18 3 0 18 3 0
24 2 0 24 2 0
14 8 0 14 8 0
28 1 0 28 1 0
15 7 0 15 7 0
27 13 0 27 13 0
10 1 0 10 1 0
19 3 0 19 3 0
21 9 0 21 9 0
14 8 0 14 8 0
17 9 0 17 9 0
10 2 0 10 2 0
12 5 0 12 5 0
17 4 0 17 4 0
24 8 0 24 8 0
14 6 0 14 6 0
13 7 0 13 7 0
14 2 0 14 2 0
12 7 0 12 7 0
