20 5 0 20 5 0
15 1 0 15 1 0
12 2 0 12 2 0
30 9 0 30 9 0
26 6 0 26 6 0
28 3 0 28 3 0
26 5 0 26 5 0
17 8 0 17 8 0
12 2 0 12 2 0
11 6 0 11 6 0
22 12 0 22 12 0
17 5 0 17 5 0
29 8 0 29 8 0
12 4 0 12 4 0
28 10 0 28 10 0
12 1 0 12 1 0
20 1 0 20 1 0
30 6 0 30 6 0
14 4 0 14 4 0
13 5 0 13 5 0
25 13 0 25 13 0
12 4 0 12 4 0
10 4 0 10 4 0
24 7 0 24 7 0
18 5 0 18 5 0
15 4 0 15 4 0
25 3 0 25 3 0
22 1 0 22 1 0
19 1 0 19 1 0
14 5 0 14 5 0
28 11 0 28 11 0
18 4 0 18 4 0
25 5 0 25 5 0
23 12 0 23 12 0
18 1 0 18 1 0
19 10 0 19 10 0
13 4 0 13 4 0
