15 6 0 15 6 0
21 3 0 21 3 0
23 7 0 23 7 0
19 8 0 19 8 0
12 5 0 12 5 0
14 7 0 14 7 0
11 5 0 11 5 0
20 2 0 20 2 0
28 11 0 28 11 0
17 4 0 17 4 0
30 6 0 30 6 0
29 6 0 29 6 0
30 8 0 30 8 0
24 4 0 24 4 0
12 5 0 12 5 0
26 8 0 26 8 0
19 1 0 19 1 0
18 9 0 18 9 0
28 4 0 28 4 0
11 3 0 11 3 0
21 4 0 21 4 0
19 8 0 19 8 0
14 7 0 14 7 0
30 11 0 30 11 0
30 7 0 30 7 0
23 12 0 23 12 0
23 1 0 23 1 0
17 2 0 17 2 0
21 9 0 21 9 0
29 2 0 29 2 0
10 3 0 10 3 0
23 5 0 23 5 0
13 4 0 13 4 0
19 4 0 19 4 0
29 1 0 29 1 0
27 12 0 27 12 0
