18 2 0 18 2 0
15 8 0 15 8 0
29 9 0 29 9 0
17 5 0 17 5 0
27 11 0 27 11 0
11 1 0 11 1 0
23 2 0 23 2 0
14 3 0 14 3 0
16 7 0 16 7 0
23 12 0 23 12 0
13 5 0 13 5 0
21 2 0 21 2 0
20 2 0 20 2 0
11 5 0 11 5 0
11 5 0 11 5 0
11 2 0 11 2 0
13 2 0 13 2 0
28 11 0 28 11 0
16 1 0 16 1 0
12 2 0 12 2 0
18 3 0 18 3 0
30 6 0 30 6 0
21 5 0 21 5 0
16 6 0 16 6 0
17 9 0 17 9 0
18 4 0 18 4 0
11 5 0 11 5 0
26 4 0 26 4 0
30 13 0 30 13 0
25 8 0 25 8 0
27 6 0 27 6 0
23 6 0 23 6 0
11 6 0 11 6 0
14 1 0 14 1 0
18 2 0 18 2 0
18 5 0 18 5 0
