26 3 0 26 3 0
11 2 0 11 2 0
11 6 0 11 6 0
19 5 0 19 5 0
19 4 0 19 4 0
29 3 0 29 3 0
27 1 0 27 1 0
23 8 0 23 8 0
29 2 0 29 2 0
18 10 0 18 10 0
13 6 0 13 6 0
11 2 0 11 2 0
21 2 0 21 2 0
11 2 0 11 2 0
29 13 0 29 13 0
24 11 0 24 11 0
18 5 0 18 5 0
23 10 0 23 10 0
12 6 0 12 6 0
29 4 0 29 4 0
21 3 0 21 3 0
13 7 0 13 7 0
18 1 0 18 1 0
21 7 0 21 7 0
27 7 0 27 7 0
17 4 0 17 4 0
17 7 0 17 7 0
11 6 0 11 6 0
20 9 0 20 9 0
28 1 0 28 1 0
23 4 0 23 4 0
16 5 0 16 5 0
18 9 0 18 9 0
19 2 0 19 2 0
19 3 0 19 3 0
21 10 0 21 10 0
