14 3 0 14 3 0
11 3 0 11 3 0
26 2 0 26 2 0
11 4 0 11 4 0
14 6 0 14 6 0
19 4 0 19 4 0
15 7 0 15 7 0
29 1 0 29 1 0
16 4 0 16 4 0
23 8 0 23 8 0
27 8 0 27 8 0
30 4 0 30 4 0
19 4 0 19 4 0
30 3 0 30 3 0
23 7 0 23 7 0
21 4 0 21 4 0
30 2 0 30 2 0
19 6 0 19 6 0
13 6 0 13 6 0
20 3 0 20 3 0
23 1 0 23 1 0
24 8 0 24 8 0
16 3 0 16 3 0
23 8 0 23 8 0
15 1 0 15 1 0
20 10 0 20 10 0
18 7 0 18 7 0
30 11 0 30 11 0
19 4 0 19 4 0
27 9 0 27 9 0
18 3 0 18 3 0
23 9 0 23 9 0
10 6 0 10 6 0
30 5 0 30 5 0
17 7 0 17 7 0
11 6 0 11 6 0
13 6 0 13 6 0
