16 3 0 16 3 0
25 4 0 25 4 0
25 7 0 25 7 0
18 2 0 18 2 0
21 2 0 21 2 0
14 1 0 14 1 0
19 7 0 19 7 0
30 10 0 30 10 0
12 5 0 12 5 0
22 7 0 22 7 0
27 11 0 27 11 0
29 5 0 29 5 0
26 8 0 26 8 0
20 4 0 20 4 0
28 4 0 28 4 0
14 5 0 14 5 0
30 13 0 30 13 0
18 2 0 18 2 0
29 1 0 29 1 0
20 7 0 20 7 0
19 8 0 19 8 0
24 6 0 24 6 0
11 5 0 11 5 0
16 9 0 16 9 0
28 5 0 28 5 0
30 12 0 30 12 0
13 6 0 13 6 0
14 5 0 14 5 0
22 12 0 22 12 0
14 3 0 14 3 0
28 3 0 28 3 0
19 7 0 19 7 0
11 5 0 11 5 0
23 3 0 23 3 0
21 5 0 21 5 0
