23 6 0 23 6 0
29 8 0 29 8 0
17 1 0 17 1 0
22 5 0 22 5 0
22 1 0 22 1 0
28 6 0 28 6 0
29 1 0 29 1 0
16 4 0 16 4 0
19 10 0 19 10 0
27 6 0 27 6 0
15 3 0 15 3 0
30 6 0 30 6 0
11 1 0 11 1 0
13 2 0 13 2 0
17 8 0 17 8 0
16 3 0 16 3 0
30 10 0 30 10 0
18 6 0 18 6 0
25 13 0 25 13 0
20 1 0 20 1 0
29 11 0 29 11 0
15 8 0 15 8 0
28 13 0 28 13 0
28 3 0 28 3 0
13 1 0 13 1 0
14 3 0 14 3 0
20 10 0 20 10 0
13 4 0 13 4 0
30 10 0 30 10 0
24 2 0 24 2 0
16 7 0 16 7 0
18 2 0 18 2 0
15 3 0 15 3 0
25 11 0 25 11 0
28 1 0 28 1 0
12 2 0 12 2 0
15 7 0 15 7 0
30 15 0 30 15 0
