22 6 0 22 6 0
27 8 0 27 8 0
12 2 0 12 2 0
23 9 0 23 9 0
30 8 0 30 8 0
28 12 0 28 12 0
25 7 0 25 7 0
25 1 0 25 1 0
28 6 0 28 6 0
24 7 0 24 7 0
24 8 0 24 8 0
20 4 0 20 4 0
17 7 0 17 7 0
16 2 0 16 2 0
22 2 0 22 2 0
26 12 0 26 12 0
20 3 0 20 3 0
23 11 0 23 11 0
19 5 0 19 5 0
26 4 0 26 4 0
21 4 0 21 4 0
12 1 0 12 1 0
12 1 0 12 1 0
19 6 0 19 6 0
25 7 0 25 7 0
29 2 0 29 2 0
24 5 0 24 5 0
26 7 0 26 7 0
17 9 0 17 9 0
23 7 0 23 7 0
22 11 0 22 11 0
20 8 0 20 8 0
27 10 0 27 10 0
13 2 0 13 2 0
12 2 0 12 2 0
10 1 0 10 1 0
17 4 0 17 4 0
15 2 0 15 2 0
23 10 0 23 10 0
