15 3 0 15 3 0
28 1 0 28 1 0
29 13 0 29 13 0
28 2 0 28 2 0
12 4 0 12 4 0
21 11 0 21 11 0
11 4 0 11 4 0
10 6 0 10 6 0
18 4 0 18 4 0
12 1 0 12 1 0
20 8 0 20 8 0
29 1 0 29 1 0
20 11 0 20 11 0
11 2 0 11 2 0
25 5 0 25 5 0
11 3 0 11 3 0
16 4 0 16 4 0
10 5 0 10 5 0
26 1 0 26 1 0
26 2 0 26 2 0
13 7 0 13 7 0
29 14 0 29 14 0
21 1 0 21 1 0
17 4 0 17 4 0
22 9 0 22 9 0
28 5 0 28 5 0
30 13 0 30 13 0
20 8 0 20 8 0
29 10 0 29 10 0
17 2 0 17 2 0
25 12 0 25 12 0
22 4 0 22 4 0
29 4 0 29 4 0
25 9 0 25 9 0
29 15 0 29 15 0
