22 7 0 22 7 0
16 6 0 16 6 0
16 4 0 16 4 0
25 7 0 25 7 0
11 2 0 11 2 0
18 7 0 18 7 0
27 9 0 27 9 0
24 9 0 24 9 0
14 2 0 14 2 0
27 3 0 27 3 0
25 4 0 25 4 0
13 2 0 13 2 0
21 11 0 21 11 0
17 5 0 17 5 0
10 4 0 10 4 0
29 11 0 29 11 0
13 7 0 13 7 0
11 2 0 11 2 0
13 4 0 13 4 0
30 2 0 30 2 0
15 3 0 15 3 0
11 5 0 11 5 0
23 8 0 23 8 0
24 3 0 24 3 0
29 1 0 29 1 0
11 5 0 11 5 0
23 10 0 23 10 0
17 8 0 17 8 0
26 2 0 26 2 0
21 1 0 21 1 0
27 7 0 27 7 0
22 11 0 22 11 0
20 9 0 20 9 0
21 1 0 21 1 0
21 6 0 21 6 0
10 4 0 10 4 0
