21 6 0 21 6 0
17 1 0 17 1 0
24 13 0 24 13 0
13 2 0 13 2 0
12 3 0 12 3 0
29 7 0 29 7 0
25 9 0 25 9 0
20 6 0 20 6 0
24 1 0 24 1 0
14 7 0 14 7 0
18 2 0 18 2 0
28 12 0 28 12 0
13 3 0 13 3 0
16 5 0 16 5 0
27 7 0 27 7 0
17 4 0 17 4 0
18 7 0 18 7 0
22 1 0 22 1 0
26 1 0 26 1 0
27 6 0 27 6 0
11 2 0 11 2 0
26 6 0 26 6 0
30 13 0 30 13 0
15 7 0 15 7 0
29 4 0 29 4 0
28 5 0 28 5 0
23 1 0 23 1 0
22 10 0 22 10 0
27 2 0 27 2 0
23 2 0 23 2 0
14 5 0 14 5 0
19 2 0 19 2 0
22 6 0 22 6 0
18 6 0 18 6 0
15 1 0 15 1 0
11 4 0 11 4 0
29 11 0 29 11 0
18 8 0 18 8 0
10 1 0 10 1 0
11 5 0 11 5 0
