28 2 0 28 2 0
20 2 0 20 2 0
10 5 0 10 5 0
17 5 0 17 5 0
25 9 0 25 9 0
19 5 0 19 5 0
19 9 0 19 9 0
15 2 0 15 2 0
21 9 0 21 9 0
23 12 0 23 12 0
16 4 0 16 4 0
28 14 0 28 14 0
29 15 0 29 15 0
17 7 0 17 7 0
23 1 0 23 1 0
17 2 0 17 2 0
23 8 0 23 8 0
16 8 0 16 8 0
11 2 0 11 2 0
24 13 0 24 13 0
21 3 0 21 3 0
14 4 0 14 4 0
21 5 0 21 5 0
26 4 0 26 4 0
20 5 0 20 5 0
19 3 0 19 3 0
30 2 0 30 2 0
22 5 0 22 5 0
30 1 0 30 1 0
29 3 0 29 3 0
21 4 0 21 4 0
21 6 0 21 6 0
20 5 0 20 5 0
25 8 0 25 8 0
16 5 0 16 5 0
13 4 0 13 4 0
14 7 0 14 7 0
