26 12 0 26 12 0
19 2 0 19 2 0
22 12 0 22 12 0
16 1 0 16 1 0
20 3 0 20 3 0
22 9 0 22 9 0
18 4 0 18 4 0
22 3 0 22 3 0
17 9 0 17 9 0
22 3 0 22 3 0
17 2 0 17 2 0
25 1 0 25 1 0
22 10 0 22 10 0
13 4 0 13 4 0
24 1 0 24 1 0
20 1 0 20 1 0
21 11 0 21 11 0
11 4 0 11 4 0
12 4 0 12 4 0
11 3 0 11 3 0
30 14 0 30 14 0
11 3 0 11 3 0
14 1 0 14 1 0
16 2 0 16 2 0
27 2 0 27 2 0
17 4 0 17 4 0
13 5 0 13 5 0
21 4 0 21 4 0
19 3 0 19 3 0
28 5 0 28 5 0
19 8 0 19 8 0
22 7 0 22 7 0
26 3 0 26 3 0
24 7 0 24 7 0
14 7 0 14 7 0
22 2 0 22 2 0
20 3 0 20 3 0
20 1 0 20 1 0
24 12 0 24 12 0
11 5 0 11 5 0
