14 2 0 14 2 0
19 1 0 19 1 0
12 3 0 12 3 0
30 11 0 30 11 0
13 4 0 13 4 0
12 4 0 12 4 0
10 3 0 10 3 0
29 5 0 29 5 0
22 4 0 22 4 0
28 2 0 28 2 0
28 15 0 28 15 0
19 9 0 19 9 0
13 7 0 13 7 0
21 3 0 21 3 0
12 1 0 12 1 0
19 4 0 19 4 0
20 5 0 20 5 0
13 5 0 13 5 0
22 8 0 22 8 0
22 1 0 22 1 0
17 7 0 17 7 0
20 1 0 20 1 0
28 13 0 28 13 0
19 1 0 19 1 0
13 4 0 13 4 0
27 2 0 27 2 0
21 2 0 21 2 0
11 5 0 11 5 0
29 15 0 29 15 0
15 6 0 15 6 0
12 7 0 12 7 0
13 3 0 13 3 0
29 13 0 29 13 0
17 7 0 17 7 0
22 10 0 22 10 0
