25 1 0 25 1 0
14 7 0 14 7 0
25 13 0 25 13 0
19 2 0 19 2 0
15 7 0 15 7 0
30 4 0 30 4 0
20 7 0 20 7 0
30 14 0 30 14 0
25 3 0 25 3 0
30 4 0 30 4 0
29 10 0 29 10 0
23 6 0 23 6 0
25 9 0 25 9 0
28 1 0 28 1 0
25 12 0 25 12 0
10 1 0 10 1 0
26 1 0 26 1 0
25 1 0 25 1 0
16 4 0 16 4 0
19 9 0 19 9 0
21 3 0 21 3 0
18 1 0 18 1 0
28 5 0 28 5 0
22 4 0 22 4 0
19 10 0 19 10 0
17 2 0 17 2 0
15 7 0 15 7 0
18 5 0 18 5 0
10 3 0 10 3 0
11 5 0 11 5 0
17 5 0 17 5 0
19 5 0 19 5 0
22 8 0 22 8 0
27 9 0 27 9 0
23 7 0 23 7 0
17 3 0 17 3 0
21 7 0 21 7 0
23 7 0 23 7 0
