11 2 0 11 2 0
24 11 0 24 11 0
29 13 0 29 13 0
21 4 0 21 4 0
22 8 0 22 8 0
23 7 0 23 7 0
15 1 0 15 1 0
28 10 0 28 10 0
13 5 0 13 5 0
17 2 0 17 2 0
24 2 0 24 2 0
24 7 0 24 7 0
21 4 0 21 4 0
23 9 0 23 9 0
21 2 0 21 2 0
23 11 0 23 11 0
28 14 0 28 14 0
29 3 0 29 3 0
20 4 0 20 4 0
11 1 0 11 1 0
27 9 0 27 9 0
11 2 0 11 2 0
14 5 0 14 5 0
26 11 0 26 11 0
19 3 0 19 3 0
20 5 0 20 5 0
13 5 0 13 5 0
20 3 0 20 3 0
17 9 0 17 9 0
23 4 0 23 4 0
21 1 0 21 1 0
11 4 0 11 4 0
27 5 0 27 5 0
21 9 0 21 9 0
20 6 0 20 6 0
13 2 0 13 2 0
10 4 0 10 4 0
