30 3 0 30 3 0
27 4 0 27 4 0
16 4 0 16 4 0
27 13 0 27 13 0
23 12 0 23 12 0
25 3 0 25 3 0
29 5 0 29 5 0
13 1 0 13 1 0
18 8 0 18 8 0
22 1 0 22 1 0
13 1 0 13 1 0
15 1 0 15 1 0
12 3 0 12 3 0
25 6 0 25 6 0
12 7 0 12 7 0
16 1 0 16 1 0
16 4 0 16 4 0
14 4 0 14 4 0
23 6 0 23 6 0
16 5 0 16 5 0
26 2 0 26 2 0
22 6 0 22 6 0
16 9 0 16 9 0
25 3 0 25 3 0
18 9 0 18 9 0
18 6 0 18 6 0
17 7 0 17 7 0
15 2 0 15 2 0
20 2 0 20 2 0
21 2 0 21 2 0
24 5 0 24 5 0
21 7 0 21 7 0
24 1 0 24 1 0
12 2 0 12 2 0
17 1 0 17 1 0
20 10 0 20 10 0
26 8 0 26 8 0
11 1 0 11 1 0
28 4 0 28 4 0
22 8 0 22 8 0
27 14 0 27 14 0
