16 6 0 16 6 0
15 1 0 15 1 0
23 11 0 23 11 0
28 2 0 28 2 0
10 1 0 10 1 0
11 1 0 11 1 0
25 9 0 25 9 0
26 7 0 26 7 0
23 5 0 23 5 0
25 1 0 25 1 0
11 1 0 11 1 0
19 4 0 19 4 0
27 6 0 27 6 0
21 5 0 21 5 0
29 8 0 29 8 0
10 5 0 10 5 0
29 8 0 29 8 0
30 4 0 30 4 0
28 7 0 28 7 0
14 5 0 14 5 0
26 5 0 26 5 0
25 3 0 25 3 0
18 1 0 18 1 0
18 7 0 18 7 0
23 11 0 23 11 0
21 5 0 21 5 0
15 8 0 15 8 0
28 13 0 28 13 0
11 1 0 11 1 0
26 9 0 26 9 0
23 4 0 23 4 0
12 2 0 12 2 0
29 6 0 29 6 0
29 13 0 29 13 0
20 10 0 20 10 0
16 2 0 16 2 0
18 5 0 18 5 0
22 8 0 22 8 0
21 7 0 21 7 0
