10 1 0 10 1 0
15 4 0 15 4 0
15 1 0 15 1 0
19 10 0 19 10 0
18 4 0 18 4 0
20 10 0 20 10 0
23 7 0 23 7 0
28 8 0 28 8 0
22 7 0 22 7 0
26 11 0 26 11 0
26 11 0 26 11 0
30 10 0 30 10 0
21 4 0 21 4 0
12 2 0 12 2 0
27 11 0 27 11 0
30 13 0 30 13 0
22 2 0 22 2 0
14 8 0 14 8 0
19 2 0 19 2 0
21 5 0 21 5 0
11 2 0 11 2 0
18 9 0 18 9 0
14 8 0 14 8 0
24 7 0 24 7 0
21 1 0 21 1 0
14 7 0 14 7 0
10 3 0 10 3 0
27 4 0 27 4 0
27 4 0 27 4 0
29 3 0 29 3 0
23 7 0 23 7 0
26 13 0 26 13 0
16 3 0 16 3 0
19 1 0 19 1 0
24 10 0 24 10 0
