28 10 0 28 10 0
29 5 0 29 5 0
11 4 0 11 4 0
24 12 0 24 12 0
12 2 0 12 2 0
15 3 0 15 3 0
17 7 0 17 7 0
13 4 0 13 4 0
28 9 0 28 9 0
20 6 0 20 6 0
30 4 0 30 4 0
29 13 0 29 13 0
18 10 0 18 10 0
12 4 0 12 4 0
27 6 0 27 6 0
29 5 0 29 5 0
20 2 0 20 2 0
15 6 0 15 6 0
24 8 0 24 8 0
19 5 0 19 5 0
16 2 0 16 2 0
12 4 0 12 4 0
13 4 0 13 4 0
27 6 0 27 6 0
18 5 0 18 5 0
18 10 0 18 10 0
16 3 0 16 3 0
10 6 0 10 6 0
10 2 0 10 2 0
11 2 0 11 2 0
16 3 0 16 3 0
29 1 0 29 1 0
17 3 0 17 3 0
16 1 0 16 1 0
24 3 0 24 3 0
14 6 0 14 6 0
