15 6 0 15 6 0
17 5 0 17 5 0
12 3 0 12 3 0
12 3 0 12 3 0
21 1 0 21 1 0
25 12 0 25 12 0
10 1 0 10 1 0
27 14 0 27 14 0
15 6 0 15 6 0
16 2 0 16 2 0
24 5 0 24 5 0
13 7 0 13 7 0
18 2 0 18 2 0
15 4 0 15 4 0
30 9 0 30 9 0
17 3 0 17 3 0
11 2 0 11 2 0
17 9 0 17 9 0
23 2 0 23 2 0
16 2 0 16 2 0
21 4 0 21 4 0
30 15 0 30 15 0
19 5 0 19 5 0
10 3 0 10 3 0
20 5 0 20 5 0
22 2 0 22 2 0
29 4 0 29 4 0
15 3 0 15 3 0
21 9 0 21 9 0
18 2 0 18 2 0
12 1 0 12 1 0
26 9 0 26 9 0
22 10 0 22 10 0
15 3 0 15 3 0
12 7 0 12 7 0
10 5 0 10 5 0
