21 3 0 21 3 0
30 13 0 30 13 0
24 9 0 24 9 0
15 7 0 15 7 0
27 9 0 27 9 0
21 7 0 21 7 0
15 1 0 15 1 0
22 9 0 22 9 0
12 5 0 12 5 0
29 12 0 29 12 0
20 8 0 20 8 0
30 4 0 30 4 0
27 12 0 27 12 0
24 7 0 24 7 0
23 6 0 23 6 0
30 13 0 30 13 0
18 4 0 18 4 0
12 5 0 12 5 0
13 3 0 13 3 0
25 3 0 25 3 0
18 4 0 18 4 0
13 1 0 13 1 0
26 6 0 26 6 0
27 13 0 27 13 0
22 11 0 22 11 0
15 6 0 15 6 0
23 1 0 23 1 0
25 2 0 25 2 0
25 4 0 25 4 0
21 2 0 21 2 0
22 10 0 22 10 0
25 7 0 25 7 0
29 4 0 29 4 0
25 11 0 25 11 0
15 1 0 15 1 0
