29 4 0 29 4 0
26 1 0 26 1 0
19 2 0 19 2 0
16 3 0 16 3 0
25 3 0 25 3 0
20 4 0 20 4 0
12 3 0 12 3 0
10 6 0 10 6 0
29 14 0 29 14 0
13 4 0 13 4 0
22 9 0 22 9 0
27 5 0 27 5 0
10 2 0 10 2 0
12 3 0 12 3 0
25 2 0 25 2 0
11 6 0 11 6 0
19 5 0 19 5 0
30 16 0 30 16 0
15 7 0 15 7 0
26 5 0 26 5 0
28 7 0 28 7 0
11 4 0 11 4 0
22 3 0 22 3 0
29 11 0 29 11 0
20 9 0 20 9 0
13 4 0 13 4 0
30 5 0 30 5 0
23 1 0 23 1 0
17 3 0 17 3 0
13 6 0 13 6 0
11 2 0 11 2 0
17 5 0 17 5 0
27 6 0 27 6 0
17 3 0 17 3 0
14 8 0 14 8 0
18 5 0 18 5 0
