27 1 0 27 1 0
14 7 0 14 7 0
26 1 0 26 1 0
12 1 0 12 1 0
27 10 0 27 10 0
23 2 0 23 2 0
23 3 0 23 3 0
10 1 0 10 1 0
27 3 0 27 3 0
11 2 0 11 2 0
25 7 0 25 7 0
17 4 0 17 4 0
15 4 0 15 4 0
18 9 0 18 9 0
25 10 0 25 10 0
10 4 0 10 4 0
11 6 0 11 6 0
19 10 0 19 10 0
30 15 0 30 15 0
11 1 0 11 1 0
30 14 0 30 14 0
27 7 0 27 7 0
11 1 0 11 1 0
17 4 0 17 4 0
16 8 0 16 8 0
28 12 0 28 12 0
21 7 0 21 7 0
29 14 0 29 14 0
12 7 0 12 7 0
14 3 0 14 3 0
13 7 0 13 7 0
16 1 0 16 1 0
14 1 0 14 1 0
17 1 0 17 1 0
20 5 0 20 5 0
30 2 0 30 2 0
