10 3 0 10 3 0
12 4 0 12 4 0
21 3 0 21 3 0
15 6 0 15 6 0
18 8 0 18 8 0
21 4 0 21 4 0
10 1 0 10 1 0
10 2 0 10 2 0
22 8 0 22 8 0
12 2 0 12 2 0
16 4 0 16 4 0
10 1 0 10 1 0
29 3 0 29 3 0
29 14 0 29 14 0
24 10 0 24 10 0
13 6 0 13 6 0
30 11 0 30 11 0
26 9 0 26 9 0
30 7 0 30 7 0
30 5 0 30 5 0
13 7 0 13 7 0
20 10 0 20 10 0
17 9 0 17 9 0
15 1 0 15 1 0
13 7 0 13 7 0
26 2 0 26 2 0
29 14 0 29 14 0
20 1 0 20 1 0
22 1 0 22 1 0
27 8 0 27 8 0
14 2 0 14 2 0
23 9 0 23 9 0
25 1 0 25 1 0
10 5 0 10 5 0
13 4 0 13 4 0
