24 10 0 24 10 0
25 7 0 25 7 0
30 12 0 30 12 0
22 1 0 22 1 0
30 3 0 30 3 0
12 6 0 12 6 0
22 1 0 22 1 0
22 11 0 22 11 0
13 5 0 13 5 0
10 1 0 10 1 0
29 3 0 29 3 0
22 2 0 22 2 0
11 3 0 11 3 0
12 1 0 12 1 0
23 3 0 23 3 0
16 2 0 16 2 0
26 8 0 26 8 0
28 4 0 28 4 0
17 8 0 17 8 0
21 10 0 21 10 0
28 4 0 28 4 0
16 9 0 16 9 0
28 11 0 28 11 0
18 1 0 18 1 0
27 12 0 27 12 0
12 6 0 12 6 0
29 12 0 29 12 0
30 8 0 30 8 0
26 6 0 26 6 0
19 2 0 19 2 0
18 10 0 18 10 0
20 9 0 20 9 0
14 8 0 14 8 0
28 7 0 28 7 0
26 14 0 26 14 0
