25 4 0 25 4 0
12 3 0 12 3 0
24 4 0 24 4 0
17 2 0 17 2 0
18 1 0 18 1 0
10 6 0 10 6 0
13 2 0 13 2 0
14 8 0 14 8 0
26 9 0 26 9 0
21 4 0 21 4 0
13 7 0 13 7 0
13 4 0 13 4 0
26 1 0 26 1 0
10 4 0 10 4 0
22 9 0 22 9 0
12 4 0 12 4 0
12 4 0 12 4 0
17 4 0 17 4 0
26 8 0 26 8 0
22 11 0 22 11 0
18 6 0 18 6 0
30 12 0 30 12 0
27 11 0 27 11 0
26 5 0 26 5 0
12 7 0 12 7 0
30 9 0 30 9 0
30 6 0 30 6 0
13 2 0 13 2 0
21 3 0 21 3 0
15 8 0 15 8 0
26 4 0 26 4 0
19 1 0 19 1 0
30 1 0 30 1 0
10 4 0 10 4 0
12 1 0 12 1 0
20 10 0 20 10 0
