10 5 0 10 5 0
13 1 0 13 1 0
28 12 0 28 12 0
13 1 0 13 1 0
27 6 0 27 6 0
15 2 0 15 2 0
23 6 0 23 6 0
22 8 0 22 8 0
21 7 0 21 7 0
20 9 0 20 9 0
28 1 0 28 1 0
27 13 0 27 13 0
13 5 0 13 5 0
16 7 0 16 7 0
10 2 0 10 2 0
26 8 0 26 8 0
20 10 0 20 10 0
28 3 0 28 3 0
18 4 0 18 4 0
19 10 0 19 10 0
18 1 0 18 1 0
21 9 0 21 9 0
12 4 0 12 4 0
26 4 0 26 4 0
19 6 0 19 6 0
28 14 0 28 14 0
13 5 0 13 5 0
20 5 0 20 5 0
30 2 0 30 2 0
15 5 0 15 5 0
19 6 0 19 6 0
14 6 0 14 6 0
16 3 0 16 3 0
23 1 0 23 1 0
27 12 0 27 12 0
