22 1 0 22 1 0
28 2 0 28 2 0
16 5 0 16 5 0
13 2 0 13 2 0
30 3 0 30 3 0
12 3 0 12 3 0
21 5 0 21 5 0
18 9 0 18 9 0
18 3 0 18 3 0
22 11 0 22 11 0
21 2 0 21 2 0
25 12 0 25 12 0
13 6 0 13 6 0
23 6 0 23 6 0
21 7 0 21 7 0
23 5 0 23 5 0
14 5 0 14 5 0
24 7 0 24 7 0
22 3 0 22 3 0
22 4 0 22 4 0
14 5 0 14 5 0
23 12 0 23 12 0
21 8 0 21 8 0
11 2 0 11 2 0
23 12 0 23 12 0
12 2 0 12 2 0
17 3 0 17 3 0
20 4 0 20 4 0
16 2 0 16 2 0
10 6 0 10 6 0
29 10 0 29 10 0
14 6 0 14 6 0
22 3 0 22 3 0
21 6 0 21 6 0
20 7 0 20 7 0
18 10 0 18 10 0
