16 2 0 16 2 0
19 8 0 19 8 0
15 6 0 15 6 0
27 12 0 27 12 0
20 10 0 20 10 0
10 3 0 10 3 0
26 2 0 26 2 0
22 4 0 22 4 0
19 8 0 19 8 0
28 9 0 28 9 0
28 7 0 28 7 0
10 6 0 10 6 0
30 4 0 30 4 0
21 6 0 21 6 0
21 5 0 21 5 0
24 2 0 24 2 0
26 4 0 26 4 0
12 1 0 12 1 0
11 1 0 11 1 0
13 2 0 13 2 0
11 3 0 11 3 0
12 5 0 12 5 0
16 1 0 16 1 0
11 4 0 11 4 0
26 1 0 26 1 0
30 3 0 30 3 0
11 2 0 11 2 0
28 6 0 28 6 0
29 14 0 29 14 0
21 2 0 21 2 0
27 7 0 27 7 0
17 2 0 17 2 0
10 3 0 10 3 0
11 3 0 11 3 0
27 1 0 27 1 0
14 4 0 14 4 0
17 5 0 17 5 0
29 10 0 29 10 0
19 10 0 19 10 0
23 10 0 23 10 0
