21 7 0 21 7 0
28 13 0 28 13 0
26 1 0 26 1 0
26 7 0 26 7 0
13 1 0 13 1 0
24 2 0 24 2 0
12 4 0 12 4 0
19 3 0 19 3 0
24 11 0 24 11 0
15 3 0 15 3 0
14 1 0 14 1 0
16 5 0 16 5 0
19 9 0 19 9 0
21 10 0 21 10 0
19 3 0 19 3 0
29 12 0 29 12 0
13 2 0 13 2 0
22 9 0 22 9 0
20 4 0 20 4 0
20 4 0 20 4 0
23 3 0 23 3 0
20 9 0 20 9 0
28 2 0 28 2 0
29 1 0 29 1 0
21 10 0 21 10 0
27 9 0 27 9 0
20 3 0 20 3 0
11 6 0 11 6 0
18 7 0 18 7 0
10 6 0 10 6 0
14 1 0 14 1 0
19 2 0 19 2 0
19 4 0 19 4 0
16 6 0 16 6 0
15 3 0 15 3 0
27 11 0 27 11 0
19 2 0 19 2 0
30 11 0 30 11 0
