15 5 0 15 5 0
29 15 0 29 15 0
13 7 0 13 7 0
25 10 0 25 10 0
13 2 0 13 2 0
21 7 0 21 7 0
18 1 0 18 1 0
22 9 0 22 9 0
18 3 0 18 3 0
16 6 0 16 6 0
17 3 0 17 3 0
20 8 0 20 8 0
25 2 0 25 2 0
17 4 0 17 4 0
26 1 0 26 1 0
22 1 0 22 1 0
12 2 0 12 2 0
16 4 0 16 4 0
11 5 0 11 5 0
26 11 0 26 11 0
21 5 0 21 5 0
10 2 0 10 2 0
14 1 0 14 1 0
28 15 0 28 15 0
14 8 0 14 8 0
15 2 0 15 2 0
17 1 0 17 1 0
10 5 0 10 5 0
28 14 0 28 14 0
16 4 0 16 4 0
20 5 0 20 5 0
17 5 0 17 5 0
25 4 0 25 4 0
30 1 0 30 1 0
23 1 0 23 1 0
25 4 0 25 4 0
16 8 0 16 8 0
