15 2 0 15 2 0
29 7 0 29 7 0
29 12 0 29 12 0
15 4 0 15 4 0
25 5 0 25 5 0
28 8 0 28 8 0
21 6 0 21 6 0
24 3 0 24 3 0
17 9 0 17 9 0
12 4 0 12 4 0
29 4 0 29 4 0
24 6 0 24 6 0
13 2 0 13 2 0
12 4 0 12 4 0
28 11 0 28 11 0
17 7 0 17 7 0
13 3 0 13 3 0
17 1 0 17 1 0
27 7 0 27 7 0
26 2 0 26 2 0
14 3 0 14 3 0
11 3 0 11 3 0
19 2 0 19 2 0
25 7 0 25 7 0
18 8 0 18 8 0
30 12 0 30 12 0
26 2 0 26 2 0
19 6 0 19 6 0
23 3 0 23 3 0
17 3 0 17 3 0
20 10 0 20 10 0
12 1 0 12 1 0
29 8 0 29 8 0
21 6 0 21 6 0
19 7 0 19 7 0
28 8 0 28 8 0
29 10 0 29 10 0
23 7 0 23 7 0
24 8 0 24 8 0
