11 1 0 11 1 0
25 9 0 25 9 0
28 4 0 28 4 0
13 4 0 13 4 0
23 4 0 23 4 0
19 1 0 19 1 0
22 11 0 22 11 0
26 10 0 26 10 0
27 10 0 27 10 0
30 14 0 30 14 0
22 6 0 22 6 0
18 8 0 18 8 0
12 3 0 12 3 0
28 10 0 28 10 0
14 7 0 14 7 0
20 4 0 20 4 0
22 2 0 22 2 0
30 8 0 30 8 0
15 2 0 15 2 0
14 8 0 14 8 0
14 5 0 14 5 0
27 2 0 27 2 0
11 4 0 11 4 0
10 2 0 10 2 0
14 5 0 14 5 0
18 5 0 18 5 0
13 4 0 13 4 0
29 1 0 29 1 0
18 5 0 18 5 0
26 5 0 26 5 0
29 2 0 29 2 0
14 6 0 14 6 0
29 10 0 29 10 0
11 4 0 11 4 0
30 9 0 30 9 0
19 7 0 19 7 0
