25 4 0 25 4 0
11 1 0 11 1 0
28 9 0 28 9 0
26 7 0 26 7 0
14 4 0 14 4 0
12 1 0 12 1 0
29 9 0 29 9 0
28 9 0 28 9 0
13 5 0 13 5 0
17 6 0 17 6 0
19 2 0 19 2 0
15 4 0 15 4 0
11 1 0 11 1 0
14 2 0 14 2 0
13 4 0 13 4 0
17 3 0 17 3 0
29 11 0 29 11 0
29 12 0 29 12 0
13 4 0 13 4 0
19 6 0 19 6 0
28 5 0 28 5 0
13 7 0 13 7 0
29 7 0 29 7 0
25 11 0 25 11 0
29 14 0 29 14 0
18 9 0 18 9 0
16 2 0 16 2 0
25 6 0 25 6 0
26 12 0 26 12 0
10 1 0 10 1 0
27 3 0 27 3 0
20 9 0 20 9 0
15 6 0 15 6 0
30 13 0 30 13 0
11 2 0 11 2 0
21 3 0 21 3 0
