17 5 0 17 5 0
25 8 0 25 8 0
23 9 0 23 9 0
25 11 0 25 11 0
30 5 0 30 5 0
11 2 0 11 2 0
30 10 0 30 10 0
19 1 0 19 1 0
30 12 0 30 12 0
15 8 0 15 8 0
18 2 0 18 2 0
14 4 0 14 4 0
13 5 0 13 5 0
16 8 0 16 8 0
27 1 0 27 1 0
16 2 0 16 2 0
25 11 0 25 11 0
19 6 0 19 6 0
16 1 0 16 1 0
29 3 0 29 3 0
15 6 0 15 6 0
20 5 0 20 5 0
11 2 0 11 2 0
19 5 0 19 5 0
23 8 0 23 8 0
18 3 0 18 3 0
29 1 0 29 1 0
27 2 0 27 2 0
28 3 0 28 3 0
14 6 0 14 6 0
28 10 0 28 10 0
14 4 0 14 4 0
18 6 0 18 6 0
17 2 0 17 2 0
26 2 0 26 2 0
18 2 0 18 2 0
23 12 0 23 12 0
16 9 0 16 9 0
