15 3 0 15 3 0
29 4 0 29 4 0
10 4 0 10 4 0
15 2 0 15 2 0
22 8 0 22 8 0
13 4 0 13 4 0
28 8 0 28 8 0
23 4 0 23 4 0
30 11 0 30 11 0
13 5 0 13 5 0
20 10 0 20 10 0
20 7 0 20 7 0
12 2 0 12 2 0
27 8 0 27 8 0
25 6 0 25 6 0
29 6 0 29 6 0
14 1 0 14 1 0
28 11 0 28 11 0
22 5 0 22 5 0
30 1 0 30 1 0
25 9 0 25 9 0
23 5 0 23 5 0
30 7 0 30 7 0
29 7 0 29 7 0
28 9 0 28 9 0
28 1 0 28 1 0
12 3 0 12 3 0
20 5 0 20 5 0
13 1 0 13 1 0
12 3 0 12 3 0
11 2 0 11 2 0
11 1 0 11 1 0
10 5 0 10 5 0
18 1 0 18 1 0
23 12 0 23 12 0
14 2 0 14 2 0
25 10 0 25 10 0
14 7 0 14 7 0
24 11 0 24 11 0
