17 3 0 17 3 0
23 11 0 23 11 0
30 4 0 30 4 0
24 12 0 24 12 0
21 5 0 21 5 0
22 10 0 22 10 0
18 3 0 18 3 0
24 11 0 24 11 0
21 4 0 21 4 0
14 6 0 14 6 0
29 7 0 29 7 0
16 7 0 16 7 0
11 3 0 11 3 0
23 12 0 23 12 0
23 3 0 23 3 0
13 7 0 13 7 0
25 6 0 25 6 0
17 7 0 17 7 0
22 2 0 22 2 0
20 7 0 20 7 0
15 4 0 15 4 0
30 12 0 30 12 0
19 7 0 19 7 0
16 3 0 16 3 0
26 13 0 26 13 0
16 2 0 16 2 0
26 10 0 26 10 0
25 2 0 25 2 0
29 6 0 29 6 0
22 1 0 22 1 0
30 6 0 30 6 0
14 3 0 14 3 0
25 2 0 25 2 0
18 8 0 18 8 0
15 2 0 15 2 0
