20 4 0 20 4 0
28 13 0 28 13 0
20 5 0 20 5 0
10 5 0 10 5 0
27 8 0 27 8 0
16 4 0 16 4 0
20 4 0 20 4 0
16 7 0 16 7 0
27 1 0 27 1 0
17 3 0 17 3 0
12 2 0 12 2 0
12 3 0 12 3 0
21 4 0 21 4 0
14 3 0 14 3 0
14 1 0 14 1 0
17 7 0 17 7 0
25 13 0 25 13 0
19 10 0 19 10 0
15 4 0 15 4 0
18 5 0 18 5 0
30 12 0 30 12 0
27 6 0 27 6 0
11 3 0 11 3 0
27 9 0 27 9 0
21 1 0 21 1 0
12 1 0 12 1 0
15 1 0 15 1 0
13 3 0 13 3 0
21 9 0 21 9 0
24 7 0 24 7 0
21 10 0 21 10 0
14 7 0 14 7 0
23 4 0 23 4 0
25 6 0 25 6 0
23 10 0 23 10 0
10 1 0 10 1 0
