21 4 0 21 4 0
26 9 0 26 9 0
12 1 0 12 1 0
18 10 0 18 10 0
27 3 0 27 3 0
25 2 0 25 2 0
10 1 0 10 1 0
24 6 0 24 6 0
10 2 0 10 2 0
22 4 0 22 4 0
30 4 0 30 4 0
16 1 0 16 1 0
29 14 0 29 14 0
12 1 0 12 1 0
16 3 0 16 3 0
12 2 0 12 2 0
11 4 0 11 4 0
28 6 0 28 6 0
20 10 0 20 10 0
26 7 0 26 7 0
27 6 0 27 6 0
15 1 0 15 1 0
25 12 0 25 12 0
23 1 0 23 1 0
19 1 0 19 1 0
13 2 0 13 2 0
28 5 0 28 5 0
17 8 0 17 8 0
21 1 0 21 1 0
20 4 0 20 4 0
30 4 0 30 4 0
16 7 0 16 7 0
20 10 0 20 10 0
18 3 0 18 3 0
25 13 0 25 13 0
13 3 0 13 3 0
11 4 0 11 4 0
21 2 0 21 2 0
19 9 0 19 9 0
27 10 0 27 10 0
15 6 0 15 6 0
