26 14 0 26 14 0
29 4 0 29 4 0
19 7 0 19 7 0
27 1 0 27 1 0
19 5 0 19 5 0
17 4 0 17 4 0
18 4 0 18 4 0
15 2 0 15 2 0
10 4 0 10 4 0
25 5 0 25 5 0
18 8 0 18 8 0
21 10 0 21 10 0
15 1 0 15 1 0
15 7 0 15 7 0
27 2 0 27 2 0
27 9 0 27 9 0
16 3 0 16 3 0
29 2 0 29 2 0
16 3 0 16 3 0
20 5 0 20 5 0
15 2 0 15 2 0
18 8 0 18 8 0
26 14 0 26 14 0
17 6 0 17 6 0
18 7 0 18 7 0
29 13 0 29 13 0
10 1 0 10 1 0
23 6 0 23 6 0
22 1 0 22 1 0
29 3 0 29 3 0
18 4 0 18 4 0
20 4 0 20 4 0
17 2 0 17 2 0
22 3 0 22 3 0
10 2 0 10 2 0
12 3 0 12 3 0
19 1 0 19 1 0
11 1 0 11 1 0
11 4 0 11 4 0
20 1 0 20 1 0
22 8 0 22 8 0
27 14 0 27 14 0
