23 3 0 23 3 0
26 9 0 26 9 0
21 9 0 21 9 0
22 2 0 22 2 0
23 1 0 23 1 0
21 3 0 21 3 0
12 2 0 12 2 0
22 11 0 22 11 0
21 3 0 21 3 0
20 5 0 20 5 0
10 4 0 10 4 0
24 11 0 24 11 0
18 3 0 18 3 0
17 8 0 17 8 0
17 6 0 17 6 0
20 6 0 20 6 0
13 4 0 13 4 0
20 10 0 20 10 0
13 1 0 13 1 0
22 5 0 22 5 0
30 6 0 30 6 0
16 5 0 16 5 0
16 7 0 16 7 0
12 1 0 12 1 0
15 3 0 15 3 0
25 13 0 25 13 0
18 6 0 18 6 0
16 8 0 16 8 0
16 7 0 16 7 0
11 2 0 11 2 0
27 5 0 27 5 0
27 13 0 27 13 0
30 1 0 30 1 0
19 7 0 19 7 0
24 4 0 24 4 0
27 12 0 27 12 0
