26 1 0 26 1 0
29 15 0 29 15 0
14 6 0 14 6 0
26 3 0 26 3 0
30 4 0 30 4 0
14 1 0 14 1 0
17 8 0 17 8 0
26 9 0 26 9 0
28 9 0 28 9 0
19 2 0 19 2 0
25 4 0 25 4 0
25 10 0 25 10 0
10 4 0 10 4 0
24 7 0 24 7 0
24 1 0 24 1 0
29 6 0 29 6 0
21 5 0 21 5 0
30 14 0 30 14 0
17 6 0 17 6 0
16 4 0 16 4 0
28 11 0 28 11 0
28 1 0 28 1 0
11 6 0 11 6 0
27 3 0 27 3 0
26 3 0 26 3 0
10 4 0 10 4 0
24 7 0 24 7 0
15 6 0 15 6 0
14 6 0 14 6 0
24 2 0 24 2 0
22 6 0 22 6 0
13 5 0 13 5 0
14 1 0 14 1 0
18 7 0 18 7 0
25 7 0 25 7 0
28 13 0 28 13 0
