17 8 0 17 8 0
10 3 0 10 3 0
27 8 0 27 8 0
21 1 0 21 1 0
29 2 0 29 2 0
24 3 0 24 3 0
25 8 0 25 8 0
14 8 0 14 8 0
21 5 0 21 5 0
20 1 0 20 1 0
14 5 0 14 5 0
19 9 0 19 9 0
19 6 0 19 6 0
20 2 0 20 2 0
27 11 0 27 11 0
17 8 0 17 8 0
22 9 0 22 9 0
23 6 0 23 6 0
22 6 0 22 6 0
26 11 0 26 11 0
11 1 0 11 1 0
29 3 0 29 3 0
28 6 0 28 6 0
24 6 0 24 6 0
18 5 0 18 5 0
14 1 0 14 1 0
11 4 0 11 4 0
21 1 0 21 1 0
14 4 0 14 4 0
26 10 0 26 10 0
19 8 0 19 8 0
23 8 0 23 8 0
18 1 0 18 1 0
20 10 0 20 10 0
15 3 0 15 3 0
14 1 0 14 1 0
20 3 0 20 3 0
18 1 0 18 1 0
20 7 0 20 7 0
