26 12 0 26 12 0
19 9 0 19 9 0
27 13 0 27 13 0
25 3 0 25 3 0
20 3 0 20 3 0
29 5 0 29 5 0
25 1 0 25 1 0
20 2 0 20 2 0
18 2 0 18 2 0
27 14 0 27 14 0
14 1 0 14 1 0
12 2 0 12 2 0
12 3 0 12 3 0
24 13 0 24 13 0
25 9 0 25 9 0
10 4 0 10 4 0
13 2 0 13 2 0
23 1 0 23 1 0
30 14 0 30 14 0
21 11 0 21 11 0
12 3 0 12 3 0
11 5 0 11 5 0
25 12 0 25 12 0
19 8 0 19 8 0
14 4 0 14 4 0
24 4 0 24 4 0
25 1 0 25 1 0
22 4 0 22 4 0
27 2 0 27 2 0
27 5 0 27 5 0
10 3 0 10 3 0
27 7 0 27 7 0
29 2 0 29 2 0
16 7 0 16 7 0
25 6 0 25 6 0
22 5 0 22 5 0
21 1 0 21 1 0
25 8 0 25 8 0
