10 6 0 10 6 0
16 3 0 16 3 0
20 5 0 20 5 0
11 2 0 11 2 0
11 5 0 11 5 0
26 7 0 26 7 0
27 7 0 27 7 0
14 8 0 14 8 0
19 8 0 19 8 0
16 9 0 16 9 0
27 9 0 27 9 0
26 6 0 26 6 0
11 5 0 11 5 0
12 1 0 12 1 0
14 8 0 14 8 0
18 5 0 18 5 0
26 4 0 26 4 0
26 5 0 26 5 0
15 5 0 15 5 0
12 2 0 12 2 0
28 4 0 28 4 0
23 3 0 23 3 0
15 2 0 15 2 0
30 5 0 30 5 0
25 1 0 25 1 0
11 1 0 11 1 0
20 9 0 20 9 0
21 6 0 21 6 0
21 4 0 21 4 0
19 2 0 19 2 0
18 8 0 18 8 0
26 12 0 26 12 0
21 2 0 21 2 0
17 1 0 17 1 0
30 2 0 30 2 0
14 8 0 14 8 0
14 6 0 14 6 0
