29 8 0 29 8 0
12 1 0 12 1 0
11 4 0 11 4 0
12 3 0 12 3 0
27 9 0 27 9 0
16 2 0 16 2 0
13 4 0 13 4 0
13 1 0 13 1 0
22 4 0 22 4 0
30 8 0 30 8 0
15 3 0 15 3 0
18 4 0 18 4 0
13 1 0 13 1 0
22 9 0 22 9 0
24 13 0 24 13 0
27 7 0 27 7 0
21 3 0 21 3 0
22 11 0 22 11 0
29 13 0 29 13 0
21 9 0 21 9 0
25 10 0 25 10 0
28 10 0 28 10 0
19 10 0 19 10 0
15 8 0 15 8 0
11 5 0 11 5 0
29 7 0 29 7 0
29 2 0 29 2 0
10 1 0 10 1 0
30 9 0 30 9 0
19 1 0 19 1 0
11 2 0 11 2 0
16 4 0 16 4 0
26 13 0 26 13 0
10 2 0 10 2 0
16 4 0 16 4 0
30 1 0 30 1 0
27 5 0 27 5 0
