27 8 0 27 8 0
27 7 0 27 7 0
12 4 0 12 4 0
29 13 0 29 13 0
18 4 0 18 4 0
13 5 0 13 5 0
10 2 0 10 2 0
14 7 0 14 7 0
25 13 0 25 13 0
25 3 0 25 3 0
19 1 0 19 1 0
25 10 0 25 10 0
19 2 0 19 2 0
26 5 0 26 5 0
29 1 0 29 1 0
29 12 0 29 12 0
28 4 0 28 4 0
23 9 0 23 9 0
19 2 0 19 2 0
18 1 0 18 1 0
11 2 0 11 2 0
23 10 0 23 10 0
25 3 0 25 3 0
28 5 0 28 5 0
17 3 0 17 3 0
26 2 0 26 2 0
26 9 0 26 9 0
29 3 0 29 3 0
20 8 0 20 8 0
21 3 0 21 3 0
21 7 0 21 7 0
28 3 0 28 3 0
13 7 0 13 7 0
16 9 0 16 9 0
16 4 0 16 4 0
22 4 0 22 4 0
25 4 0 25 4 0
20 5 0 20 5 0
16 4 0 16 4 0
24 6 0 24 6 0
