14 5 0 14 5 0
10 3 0 10 3 0
25 9 0 25 9 0
13 4 0 13 4 0
25 2 0 25 2 0
23 2 0 23 2 0
24 4 0 24 4 0
22 9 0 22 9 0
21 9 0 21 9 0
13 2 0 13 2 0
22 1 0 22 1 0
25 4 0 25 4 0
30 12 0 30 12 0
30 12 0 30 12 0
18 2 0 18 2 0
27 6 0 27 6 0
23 3 0 23 3 0
27 10 0 27 10 0
10 1 0 10 1 0
26 7 0 26 7 0
28 12 0 28 12 0
13 3 0 13 3 0
12 3 0 12 3 0
22 10 0 22 10 0
22 2 0 22 2 0
17 2 0 17 2 0
22 9 0 22 9 0
15 8 0 15 8 0
19 2 0 19 2 0
18 8 0 18 8 0
24 3 0 24 3 0
29 3 0 29 3 0
22 5 0 22 5 0
15 4 0 15 4 0
14 5 0 14 5 0
30 13 0 30 13 0
11 3 0 11 3 0
22 5 0 22 5 0
12 1 0 12 1 0
