25 12 0 25 12 0
16 7 0 16 7 0
15 1 0 15 1 0
29 4 0 29 4 0
18 8 0 18 8 0
12 7 0 12 7 0
28 10 0 28 10 0
14 5 0 14 5 0
26 7 0 26 7 0
16 7 0 16 7 0
17 1 0 17 1 0
21 10 0 21 10 0
14 2 0 14 2 0
26 8 0 26 8 0
29 5 0 29 5 0
10 1 0 10 1 0
18 2 0 18 2 0
13 1 0 13 1 0
21 7 0 21 7 0
17 6 0 17 6 0
23 3 0 23 3 0
28 1 0 28 1 0
15 4 0 15 4 0
10 3 0 10 3 0
26 7 0 26 7 0
15 5 0 15 5 0
12 2 0 12 2 0
10 5 0 10 5 0
28 3 0 28 3 0
17 3 0 17 3 0
13 5 0 13 5 0
14 3 0 14 3 0
17 8 0 17 8 0
10 3 0 10 3 0
16 4 0 16 4 0
19 5 0 19 5 0
27 8 0 27 8 0
