12 6 0 12 6 0
24 1 0 24 1 0
16 2 0 16 2 0
20 3 0 20 3 0
25 12 0 25 12 0
14 1 0 14 1 0
12 1 0 12 1 0
22 2 0 22 2 0
28 6 0 28 6 0
28 2 0 28 2 0
28 8 0 28 8 0
29 6 0 29 6 0
28 9 0 28 9 0
22 9 0 22 9 0
27 6 0 27 6 0
16 9 0 16 9 0
16 6 0 16 6 0
17 8 0 17 8 0
18 2 0 18 2 0
17 9 0 17 9 0
17 5 0 17 5 0
25 8 0 25 8 0
23 2 0 23 2 0
25 6 0 25 6 0
12 2 0 12 2 0
20 11 0 20 11 0
18 4 0 18 4 0
13 7 0 13 7 0
25 5 0 25 5 0
12 5 0 12 5 0
18 1 0 18 1 0
15 6 0 15 6 0
24 6 0 24 6 0
23 9 0 23 9 0
13 6 0 13 6 0
15 2 0 15 2 0
