11 1 0 11 1 0
12 4 0 12 4 0
12 4 0 12 4 0
22 6 0 22 6 0
16 2 0 16 2 0
19 2 0 19 2 0
15 4 0 15 4 0
18 2 0 18 2 0
25 1 0 25 1 0
24 7 0 24 7 0
17 6 0 17 6 0
24 2 0 24 2 0
23 9 0 23 9 0
13 2 0 13 2 0
21 9 0 21 9 0
19 3 0 19 3 0
11 3 0 11 3 0
27 12 0 27 12 0
11 2 0 11 2 0
28 13 0 28 13 0
17 6 0 17 6 0
30 6 0 30 6 0
19 5 0 19 5 0
26 3 0 26 3 0
15 4 0 15 4 0
14 4 0 14 4 0
23 11 0 23 11 0
27 8 0 27 8 0
19 2 0 19 2 0
13 3 0 13 3 0
12 4 0 12 4 0
14 8 0 14 8 0
21 8 0 21 8 0
11 2 0 11 2 0
24 11 0 24 11 0
15 5 0 15 5 0
12 5 0 12 5 0
