12 4 0 12 4 0
12 2 0 12 2 0
19 8 0 19 8 0
16 6 0 16 6 0
24 4 0 24 4 0
12 1 0 12 1 0
23 11 0 23 11 0
26 3 0 26 3 0
12 7 0 12 7 0
13 2 0 13 2 0
30 3 0 30 3 0
17 1 0 17 1 0
28 3 0 28 3 0
18 8 0 18 8 0
10 3 0 10 3 0
30 6 0 30 6 0
11 5 0 11 5 0
29 11 0 29 11 0
23 11 0 23 11 0
28 5 0 28 5 0
19 2 0 19 2 0
18 2 0 18 2 0
28 12 0 28 12 0
17 1 0 17 1 0
21 2 0 21 2 0
27 13 0 27 13 0
13 5 0 13 5 0
18 1 0 18 1 0
15 1 0 15 1 0
25 5 0 25 5 0
18 8 0 18 8 0
13 2 0 13 2 0
28 15 0 28 15 0
15 6 0 15 6 0
11 6 0 11 6 0
16 1 0 16 1 0
20 11 0 20 11 0
