21 9 0 21 9 0
29 5 0 29 5 0
10 1 0 10 1 0
11 6 0 11 6 0
24 6 0 24 6 0
24 12 0 24 12 0
16 6 0 16 6 0
10 4 0 10 4 0
25 5 0 25 5 0
18 9 0 18 9 0
16 2 0 16 2 0
13 1 0 13 1 0
24 8 0 24 8 0
22 1 0 22 1 0
30 11 0 30 11 0
10 2 0 10 2 0
26 10 0 26 10 0
14 8 0 14 8 0
25 7 0 25 7 0
22 7 0 22 7 0
12 1 0 12 1 0
13 1 0 13 1 0
15 3 0 15 3 0
13 4 0 13 4 0
20 1 0 20 1 0
25 2 0 25 2 0
12 4 0 12 4 0
26 9 0 26 9 0
27 4 0 27 4 0
12 4 0 12 4 0
10 6 0 10 6 0
10 3 0 10 3 0
27 1 0 27 1 0
10 1 0 10 1 0
23 6 0 23 6 0
24 13 0 24 13 0
22 11 0 22 11 0
