18 1 0 18 1 0
20 3 0 20 3 0
12 7 0 12 7 0
29 3 0 29 3 0
10 1 0 10 1 0
20 7 0 20 7 0
21 3 0 21 3 0
22 10 0 22 10 0
25 2 0 25 2 0
24 13 0 24 13 0
19 2 0 19 2 0
17 2 0 17 2 0
30 15 0 30 15 0
22 8 0 22 8 0
21 9 0 21 9 0
14 6 0 14 6 0
23 12 0 23 12 0
10 2 0 10 2 0
24 2 0 24 2 0
19 1 0 19 1 0
30 9 0 30 9 0
24 8 0 24 8 0
22 9 0 22 9 0
25 9 0 25 9 0
21 1 0 21 1 0
19 10 0 19 10 0
23 5 0 23 5 0
25 6 0 25 6 0
17 7 0 17 7 0
19 9 0 19 9 0
16 2 0 16 2 0
26 11 0 26 11 0
11 3 0 11 3 0
13 5 0 13 5 0
17 9 0 17 9 0
