21 8 0 21 8 0
10 5 0 10 5 0
10 4 0 10 4 0
10 3 0 10 3 0
29 5 0 29 5 0
26 2 0 26 2 0
26 11 0 26 11 0
21 6 0 21 6 0
23 11 0 23 11 0
29 4 0 29 4 0
27 10 0 27 10 0
11 3 0 11 3 0
23 7 0 23 7 0
23 3 0 23 3 0
19 6 0 19 6 0
12 1 0 12 1 0
20 2 0 20 2 0
26 8 0 26 8 0
10 6 0 10 6 0
14 1 0 14 1 0
28 5 0 28 5 0
29 2 0 29 2 0
19 3 0 19 3 0
23 7 0 23 7 0
25 4 0 25 4 0
21 7 0 21 7 0
13 7 0 13 7 0
19 6 0 19 6 0
22 8 0 22 8 0
30 11 0 30 11 0
11 5 0 11 5 0
12 1 0 12 1 0
11 2 0 11 2 0
14 1 0 14 1 0
23 5 0 23 5 0
23 6 0 23 6 0
13 5 0 13 5 0
