27 11 0 27 11 0
13 4 0 13 4 0
16 6 0 16 6 0
16 1 0 16 1 0
21 6 0 21 6 0
19 1 0 19 1 0
22 6 0 22 6 0
23 2 0 23 2 0
29 13 0 29 13 0
26 10 0 26 10 0
29 5 0 29 5 0
26 8 0 26 8 0
25 9 0 25 9 0
19 8 0 19 8 0
10 3 0 10 3 0
29 9 0 29 9 0
10 1 0 10 1 0
17 4 0 17 4 0
12 5 0 12 5 0
14 1 0 14 1 0
14 4 0 14 4 0
22 10 0 22 10 0
11 1 0 11 1 0
10 2 0 10 2 0
30 11 0 30 11 0
19 4 0 19 4 0
10 4 0 10 4 0
20 10 0 20 10 0
17 7 0 17 7 0
13 4 0 13 4 0
17 2 0 17 2 0
23 2 0 23 2 0
10 1 0 10 1 0
23 11 0 23 11 0
29 1 0 29 1 0
22 10 0 22 10 0
10 6 0 10 6 0
