14 4 0 14 4 0
17 4 0 17 4 0
23 8 0 23 8 0
24 3 0 24 3 0
23 8 0 23 8 0
23 12 0 23 12 0
24 7 0 24 7 0
27 10 0 27 10 0
21 6 0 21 6 0
13 5 0 13 5 0
15 2 0 15 2 0
21 3 0 21 3 0
15 1 0 15 1 0
12 4 0 12 4 0
29 7 0 29 7 0
21 2 0 21 2 0
22 10 0 22 10 0
23 8 0 23 8 0
29 13 0 29 13 0
21 11 0 21 11 0
21 5 0 21 5 0
24 11 0 24 11 0
10 1 0 10 1 0
25 7 0 25 7 0
13 1 0 13 1 0
20 3 0 20 3 0
23 6 0 23 6 0
25 6 0 25 6 0
15 3 0 15 3 0
13 2 0 13 2 0
11 5 0 11 5 0
23 5 0 23 5 0
30 15 0 30 15 0
13 7 0 13 7 0
12 7 0 12 7 0
