24 1 0 24 1 0
27 14 0 27 14 0
23 9 0 23 9 0
21 11 0 21 11 0
18 1 0 18 1 0
15 1 0 15 1 0
11 3 0 11 3 0
15 5 0 15 5 0
23 2 0 23 2 0
28 5 0 28 5 0
13 5 0 13 5 0
30 14 0 30 14 0
14 2 0 14 2 0
29 5 0 29 5 0
24 13 0 24 13 0
29 8 0 29 8 0
30 1 0 30 1 0
22 6 0 22 6 0
17 4 0 17 4 0
26 10 0 26 10 0
29 1 0 29 1 0
25 5 0 25 5 0
27 13 0 27 13 0
12 3 0 12 3 0
29 9 0 29 9 0
11 4 0 11 4 0
17 5 0 17 5 0
14 1 0 14 1 0
18 8 0 18 8 0
13 3 0 13 3 0
29 10 0 29 10 0
17 6 0 17 6 0
22 3 0 22 3 0
24 1 0 24 1 0
18 1 0 18 1 0
20 1 0 20 1 0
17 9 0 17 9 0
13 7 0 13 7 0
