17 2 0 17 2 0
15 6 0 15 6 0
10 1 0 10 1 0
29 6 0 29 6 0
14 7 0 14 7 0
24 12 0 24 12 0
19 4 0 19 4 0
18 2 0 18 2 0
22 3 0 22 3 0
27 13 0 27 13 0
29 14 0 29 14 0
21 8 0 21 8 0
21 7 0 21 7 0
13 4 0 13 4 0
30 11 0 30 11 0
19 10 0 19 10 0
23 6 0 23 6 0
30 2 0 30 2 0
25 5 0 25 5 0
24 2 0 24 2 0
13 7 0 13 7 0
15 2 0 15 2 0
27 12 0 27 12 0
10 6 0 10 6 0
27 11 0 27 11 0
26 9 0 26 9 0
16 1 0 16 1 0
23 2 0 23 2 0
19 1 0 19 1 0
16 7 0 16 7 0
19 9 0 19 9 0
11 1 0 11 1 0
19 8 0 19 8 0
19 1 0 19 1 0
26 3 0 26 3 0
