10 1 0 10 1 0
11 4 0 11 4 0
17 4 0 17 4 0
21 2 0 21 2 0
13 5 0 13 5 0
20 3 0 20 3 0
22 11 0 22 11 0
27 3 0 27 3 0
23 4 0 23 4 0
30 6 0 30 6 0
11 2 0 11 2 0
24 5 0 24 5 0
25 10 0 25 10 0
13 4 0 13 4 0
13 7 0 13 7 0
16 6 0 16 6 0
17 1 0 17 1 0
25 1 0 25 1 0
14 8 0 14 8 0
15 8 0 15 8 0
12 1 0 12 1 0
11 3 0 11 3 0
26 3 0 26 3 0
21 5 0 21 5 0
13 2 0 13 2 0
21 8 0 21 8 0
23 6 0 23 6 0
21 7 0 21 7 0
20 5 0 20 5 0
21 1 0 21 1 0
16 6 0 16 6 0
17 9 0 17 9 0
30 1 0 30 1 0
24 6 0 24 6 0
20 4 0 20 4 0
29 11 0 29 11 0
21 1 0 21 1 0
10 6 0 10 6 0
