11 1 0 11 1 0
22 1 0 22 1 0
21 1 0 21 1 0
22 2 0 22 2 0
29 12 0 29 12 0
24 12 0 24 12 0
11 3 0 11 3 0
13 5 0 13 5 0
11 3 0 11 3 0
13 1 0 13 1 0
27 12 0 27 12 0
22 9 0 22 9 0
26 3 0 26 3 0
27 13 0 27 13 0
27 2 0 27 2 0
17 9 0 17 9 0
10 1 0 10 1 0
16 3 0 16 3 0
16 7 0 16 7 0
12 1 0 12 1 0
14 1 0 14 1 0
13 3 0 13 3 0
24 12 0 24 12 0
18 6 0 18 6 0
17 9 0 17 9 0
14 5 0 14 5 0
27 11 0 27 11 0
13 4 0 13 4 0
19 2 0 19 2 0
20 1 0 20 1 0
16 8 0 16 8 0
16 5 0 16 5 0
16 8 0 16 8 0
10 2 0 10 2 0
23 5 0 23 5 0
12 4 0 12 4 0
