22 10 0 22 10 0
27 14 0 27 14 0
17 2 0 17 2 0
20 5 0 20 5 0
26 3 0 26 3 0
27 4 0 27 4 0
21 11 0 21 11 0
25 10 0 25 10 0
12 1 0 12 1 0
10 1 0 10 1 0
14 4 0 14 4 0
20 7 0 20 7 0
26 6 0 26 6 0
24 3 0 24 3 0
18 9 0 18 9 0
21 3 0 21 3 0
24 7 0 24 7 0
13 3 0 13 3 0
18 2 0 18 2 0
13 3 0 13 3 0
11 5 0 11 5 0
25 1 0 25 1 0
24 4 0 24 4 0
17 1 0 17 1 0
25 6 0 25 6 0
25 8 0 25 8 0
24 12 0 24 12 0
25 7 0 25 7 0
26 10 0 26 10 0
19 7 0 19 7 0
15 4 0 15 4 0
25 1 0 25 1 0
10 1 0 10 1 0
30 6 0 30 6 0
17 6 0 17 6 0
12 5 0 12 5 0
11 5 0 11 5 0
30 1 0 30 1 0
11 2 0 11 2 0
