18 5 0 18 5 0
17 4 0 17 4 0
14 6 0 14 6 0
10 2 0 10 2 0
25 9 0 25 9 0
14 2 0 14 2 0
19 10 0 19 10 0
14 3 0 14 3 0
23 6 0 23 6 0
12 6 0 12 6 0
17 1 0 17 1 0
23 12 0 23 12 0
15 8 0 15 8 0
28 12 0 28 12 0
16 1 0 16 1 0
30 2 0 30 2 0
25 4 0 25 4 0
13 3 0 13 3 0
12 5 0 12 5 0
11 1 0 11 1 0
12 5 0 12 5 0
26 12 0 26 12 0
30 9 0 30 9 0
11 5 0 11 5 0
24 3 0 24 3 0
10 1 0 10 1 0
15 2 0 15 2 0
12 7 0 12 7 0
20 11 0 20 11 0
25 4 0 25 4 0
25 3 0 25 3 0
28 11 0 28 11 0
13 3 0 13 3 0
26 6 0 26 6 0
20 1 0 20 1 0
