18 7 0 18 7 0
12 7 0 12 7 0
29 7 0 29 7 0
26 6 0 26 6 0
19 2 0 19 2 0
18 10 0 18 10 0
25 3 0 25 3 0
25 13 0 25 13 0
10 2 0 10 2 0
26 8 0 26 8 0
22 12 0 22 12 0
21 4 0 21 4 0
17 2 0 17 2 0
16 4 0 16 4 0
29 10 0 29 10 0
16 9 0 16 9 0
22 7 0 22 7 0
22 10 0 22 10 0
12 3 0 12 3 0
29 15 0 29 15 0
20 8 0 20 8 0
10 1 0 10 1 0
16 2 0 16 2 0
17 3 0 17 3 0
17 1 0 17 1 0
17 3 0 17 3 0
23 1 0 23 1 0
20 8 0 20 8 0
21 9 0 21 9 0
28 1 0 28 1 0
24 3 0 24 3 0
12 1 0 12 1 0
19 7 0 19 7 0
20 11 0 20 11 0
10 3 0 10 3 0
