10 5 0 10 5 0
11 2 0 11 2 0
13 2 0 13 2 0
29 1 0 29 1 0
29 1 0 29 1 0
26 6 0 26 6 0
24 11 0 24 11 0
29 9 0 29 9 0
24 11 0 24 11 0
18 8 0 18 8 0
26 6 0 26 6 0
18 4 0 18 4 0
18 4 0 18 4 0
25 4 0 25 4 0
30 16 0 30 16 0
30 4 0 30 4 0
24 5 0 24 5 0
28 13 0 28 13 0
14 2 0 14 2 0
24 11 0 24 11 0
13 1 0 13 1 0
15 1 0 15 1 0
24 4 0 24 4 0
19 5 0 19 5 0
14 4 0 14 4 0
20 3 0 20 3 0
16 4 0 16 4 0
14 8 0 14 8 0
10 5 0 10 5 0
27 10 0 27 10 0
15 6 0 15 6 0
13 3 0 13 3 0
16 6 0 16 6 0
18 2 0 18 2 0
11 1 0 11 1 0
10 2 0 10 2 0
28 8 0 28 8 0
29 10 0 29 10 0
