21 4 0 21 4 0
29 9 0 29 9 0
27 10 0 27 10 0
11 4 0 11 4 0
19 3 0 19 3 0
19 8 0 19 8 0
15 1 0 15 1 0
10 6 0 10 6 0
16 1 0 16 1 0
16 1 0 16 1 0
10 1 0 10 1 0
22 2 0 22 2 0
29 7 0 29 7 0
10 2 0 10 2 0
25 6 0 25 6 0
14 6 0 14 6 0
27 10 0 27 10 0
24 6 0 24 6 0
28 10 0 28 10 0
15 3 0 15 3 0
19 8 0 19 8 0
14 6 0 14 6 0
30 9 0 30 9 0
10 2 0 10 2 0
26 14 0 26 14 0
30 4 0 30 4 0
15 5 0 15 5 0
27 8 0 27 8 0
14 7 0 14 7 0
11 3 0 11 3 0
29 6 0 29 6 0
14 3 0 14 3 0
24 12 0 24 12 0
19 2 0 19 2 0
23 3 0 23 3 0
30 10 0 30 10 0
18 4 0 18 4 0
