16 2 0 16 2 0
11 4 0 11 4 0
25 2 0 25 2 0
24 1 0 24 1 0
16 9 0 16 9 0
13 5 0 13 5 0
23 6 0 23 6 0
13 6 0 13 6 0
19 3 0 19 3 0
24 8 0 24 8 0
16 3 0 16 3 0
15 3 0 15 3 0
17 5 0 17 5 0
13 5 0 13 5 0
13 3 0 13 3 0
30 6 0 30 6 0
17 7 0 17 7 0
27 14 0 27 14 0
14 1 0 14 1 0
28 1 0 28 1 0
20 3 0 20 3 0
13 5 0 13 5 0
16 5 0 16 5 0
21 4 0 21 4 0
30 15 0 30 15 0
10 3 0 10 3 0
11 3 0 11 3 0
25 12 0 25 12 0
16 6 0 16 6 0
23 12 0 23 12 0
23 6 0 23 6 0
19 3 0 19 3 0
15 6 0 15 6 0
23 2 0 23 2 0
21 4 0 21 4 0
29 2 0 29 2 0
13 6 0 13 6 0
