26 13 0 26 13 0
29 7 0 29 7 0
21 5 0 21 5 0
27 2 0 27 2 0
21 3 0 21 3 0
16 4 0 16 4 0
10 4 0 10 4 0
13 1 0 13 1 0
25 9 0 25 9 0
20 2 0 20 2 0
25 11 0 25 11 0
24 8 0 24 8 0
10 3 0 10 3 0
10 1 0 10 1 0
25 10 0 25 10 0
13 2 0 13 2 0
26 2 0 26 2 0
29 4 0 29 4 0
29 13 0 29 13 0
26 1 0 26 1 0
30 15 0 30 15 0
15 8 0 15 8 0
27 7 0 27 7 0
18 6 0 18 6 0
18 5 0 18 5 0
19 6 0 19 6 0
27 7 0 27 7 0
19 9 0 19 9 0
24 11 0 24 11 0
12 1 0 12 1 0
19 6 0 19 6 0
19 5 0 19 5 0
15 4 0 15 4 0
17 6 0 17 6 0
24 2 0 24 2 0
28 5 0 28 5 0
22 10 0 22 10 0
