30 6 0 30 6 0
25 13 0 25 13 0
21 5 0 21 5 0
19 3 0 19 3 0
18 6 0 18 6 0
15 1 0 15 1 0
17 7 0 17 7 0
22 10 0 22 10 0
27 9 0 27 9 0
23 12 0 23 12 0
22 5 0 22 5 0
24 8 0 24 8 0
17 2 0 17 2 0
22 5 0 22 5 0
17 6 0 17 6 0
16 2 0 16 2 0
10 1 0 10 1 0
25 5 0 25 5 0
11 5 0 11 5 0
15 2 0 15 2 0
11 2 0 11 2 0
15 2 0 15 2 0
14 7 0 14 7 0
26 2 0 26 2 0
22 1 0 22 1 0
23 1 0 23 1 0
29 6 0 29 6 0
13 4 0 13 4 0
19 10 0 19 10 0
20 11 0 20 11 0
13 7 0 13 7 0
17 4 0 17 4 0
16 7 0 16 7 0
25 13 0 25 13 0
12 5 0 12 5 0
