28 13 0 28 13 0
26 2 0 26 2 0
20 9 0 20 9 0
12 7 0 12 7 0
13 5 0 13 5 0
27 7 0 27 7 0
23 2 0 23 2 0
20 10 0 20 10 0
19 1 0 19 1 0
16 1 0 16 1 0
10 6 0 10 6 0
21 8 0 21 8 0
17 7 0 17 7 0
10 1 0 10 1 0
18 10 0 18 10 0
13 2 0 13 2 0
24 5 0 24 5 0
17 6 0 17 6 0
25 4 0 25 4 0
18 2 0 18 2 0
18 2 0 18 2 0
20 6 0 20 6 0
12 3 0 12 3 0
15 1 0 15 1 0
16 3 0 16 3 0
27 6 0 27 6 0
28 8 0 28 8 0
20 11 0 20 11 0
30 11 0 30 11 0
28 14 0 28 14 0
26 1 0 26 1 0
11 3 0 11 3 0
29 3 0 29 3 0
26 3 0 26 3 0
30 11 0 30 11 0
11 3 0 11 3 0
11 4 0 11 4 0
