29 14 0 29 14 0
26 8 0 26 8 0
10 1 0 10 1 0
19 10 0 19 10 0
21 7 0 21 7 0
12 4 0 12 4 0
11 5 0 11 5 0
10 3 0 10 3 0
27 1 0 27 1 0
18 1 0 18 1 0
26 5 0 26 5 0
13 2 0 13 2 0
19 8 0 19 8 0
10 1 0 10 1 0
10 1 0 10 1 0
10 3 0 10 3 0
23 3 0 23 3 0
16 5 0 16 5 0
22 12 0 22 12 0
27 13 0 27 13 0
28 4 0 28 4 0
12 5 0 12 5 0
11 3 0 11 3 0
29 10 0 29 10 0
16 5 0 16 5 0
25 9 0 25 9 0
20 7 0 20 7 0
28 6 0 28 6 0
16 1 0 16 1 0
30 7 0 30 7 0
11 3 0 11 3 0
21 4 0 21 4 0
10 4 0 10 4 0
26 10 0 26 10 0
22 1 0 22 1 0
13 2 0 13 2 0
13 7 0 13 7 0
