21 10 0 21 10 0
25 2 0 25 2 0
11 1 0 11 1 0
18 2 0 18 2 0
26 6 0 26 6 0
20 9 0 20 9 0
23 6 0 23 6 0
14 2 0 14 2 0
11 2 0 11 2 0
14 3 0 14 3 0
22 3 0 22 3 0
26 1 0 26 1 0
11 4 0 11 4 0
26 9 0 26 9 0
20 5 0 20 5 0
13 3 0 13 3 0
25 5 0 25 5 0
12 7 0 12 7 0
23 5 0 23 5 0
15 1 0 15 1 0
24 4 0 24 4 0
18 9 0 18 9 0
24 9 0 24 9 0
21 6 0 21 6 0
15 5 0 15 5 0
17 1 0 17 1 0
10 2 0 10 2 0
18 8 0 18 8 0
14 6 0 14 6 0
21 11 0 21 11 0
21 8 0 21 8 0
16 1 0 16 1 0
15 8 0 15 8 0
19 9 0 19 9 0
21 4 0 21 4 0
22 11 0 22 11 0
