20 6 0 20 6 0
17 2 0 17 2 0
16 4 0 16 4 0
20 4 0 20 4 0
18 10 0 18 10 0
27 10 0 27 10 0
10 4 0 10 4 0
30 9 0 30 9 0
20 6 0 20 6 0
27 8 0 27 8 0
26 12 0 26 12 0
23 8 0 23 8 0
23 7 0 23 7 0
20 5 0 20 5 0
15 3 0 15 3 0
24 3 0 24 3 0
11 6 0 11 6 0
15 7 0 15 7 0
16 3 0 16 3 0
20 11 0 20 11 0
23 1 0 23 1 0
24 10 0 24 10 0
13 2 0 13 2 0
16 7 0 16 7 0
21 2 0 21 2 0
30 1 0 30 1 0
18 3 0 18 3 0
16 8 0 16 8 0
14 6 0 14 6 0
18 7 0 18 7 0
14 4 0 14 4 0
21 4 0 21 4 0
19 1 0 19 1 0
15 3 0 15 3 0
26 2 0 26 2 0
10 6 0 10 6 0
