29 2 0 29 2 0
18 8 0 18 8 0
16 4 0 16 4 0
16 8 0 16 8 0
19 5 0 19 5 0
25 2 0 25 2 0
18 3 0 18 3 0
30 1 0 30 1 0
17 8 0 17 8 0
27 2 0 27 2 0
30 15 0 30 15 0
10 6 0 10 6 0
29 1 0 29 1 0
19 7 0 19 7 0
28 10 0 28 10 0
14 2 0 14 2 0
10 2 0 10 2 0
21 10 0 21 10 0
15 3 0 15 3 0
27 8 0 27 8 0
27 2 0 27 2 0
18 4 0 18 4 0
27 4 0 27 4 0
11 2 0 11 2 0
24 7 0 24 7 0
25 9 0 25 9 0
18 7 0 18 7 0
16 4 0 16 4 0
29 7 0 29 7 0
17 3 0 17 3 0
17 9 0 17 9 0
13 3 0 13 3 0
27 7 0 27 7 0
20 5 0 20 5 0
29 7 0 29 7 0
21 10 0 21 10 0
27 8 0 27 8 0
