27 9 0 27 9 0
22 6 0 22 6 0
17 7 0 17 7 0
25 13 0 25 13 0
17 1 0 17 1 0
20 4 0 20 4 0
12 7 0 12 7 0
23 11 0 23 11 0
18 7 0 18 7 0
21 7 0 21 7 0
29 4 0 29 4 0
19 8 0 19 8 0
23 8 0 23 8 0
15 5 0 15 5 0
23 7 0 23 7 0
27 6 0 27 6 0
12 7 0 12 7 0
30 4 0 30 4 0
12 4 0 12 4 0
27 3 0 27 3 0
10 1 0 10 1 0
24 8 0 24 8 0
24 12 0 24 12 0
29 7 0 29 7 0
30 1 0 30 1 0
15 1 0 15 1 0
21 10 0 21 10 0
28 10 0 28 10 0
16 2 0 16 2 0
20 2 0 20 2 0
29 5 0 29 5 0
22 1 0 22 1 0
19 6 0 19 6 0
23 10 0 23 10 0
15 4 0 15 4 0
