14 7 0 14 7 0
13 2 0 13 2 0
27 9 0 27 9 0
23 12 0 23 12 0
15 8 0 15 8 0
13 1 0 13 1 0
27 8 0 27 8 0
17 9 0 17 9 0
23 8 0 23 8 0
18 1 0 18 1 0
23 2 0 23 2 0
13 1 0 13 1 0
20 3 0 20 3 0
12 1 0 12 1 0
24 7 0 24 7 0
22 4 0 22 4 0
16 4 0 16 4 0
20 2 0 20 2 0
28 14 0 28 14 0
10 2 0 10 2 0
12 3 0 12 3 0
12 4 0 12 4 0
20 6 0 20 6 0
14 8 0 14 8 0
28 15 0 28 15 0
16 4 0 16 4 0
15 2 0 15 2 0
20 7 0 20 7 0
17 2 0 17 2 0
25 4 0 25 4 0
28 5 0 28 5 0
27 3 0 27 3 0
22 2 0 22 2 0
15 3 0 15 3 0
20 3 0 20 3 0
26 9 0 26 9 0
19 4 0 19 4 0
24 7 0 24 7 0
12 1 0 12 1 0
16 2 0 16 2 0
