12 6 0 12 6 0
16 6 0 16 6 0
28 8 0 28 8 0
28 1 0 28 1 0
25 1 0 25 1 0
18 4 0 18 4 0
14 8 0 14 8 0
16 4 0 16 4 0
17 5 0 17 5 0
30 9 0 30 9 0
13 7 0 13 7 0
19 5 0 19 5 0
17 1 0 17 1 0
21 6 0 21 6 0
18 1 0 18 1 0
18 5 0 18 5 0
26 13 0 26 13 0
12 4 0 12 4 0
26 12 0 26 12 0
27 13 0 27 13 0
17 3 0 17 3 0
28 3 0 28 3 0
22 4 0 22 4 0
13 1 0 13 1 0
27 4 0 27 4 0
25 3 0 25 3 0
20 7 0 20 7 0
30 11 0 30 11 0
28 15 0 28 15 0
25 9 0 25 9 0
16 5 0 16 5 0
15 3 0 15 3 0
11 1 0 11 1 0
10 4 0 10 4 0
14 2 0 14 2 0
29 15 0 29 15 0
