12 6 0 12 6 0
29 1 0 29 1 0
10 2 0 10 2 0
15 2 0 15 2 0
30 11 0 30 11 0
20 7 0 20 7 0
11 5 0 11 5 0
14 5 0 14 5 0
10 2 0 10 2 0
26 3 0 26 3 0
30 6 0 30 6 0
21 10 0 21 10 0
12 1 0 12 1 0
15 2 0 15 2 0
22 8 0 22 8 0
14 3 0 14 3 0
21 6 0 21 6 0
26 7 0 26 7 0
17 2 0 17 2 0
23 10 0 23 10 0
26 14 0 26 14 0
16 7 0 16 7 0
17 1 0 17 1 0
19 6 0 19 6 0
21 6 0 21 6 0
14 3 0 14 3 0
27 6 0 27 6 0
10 3 0 10 3 0
27 14 0 27 14 0
24 9 0 24 9 0
11 5 0 11 5 0
29 9 0 29 9 0
29 2 0 29 2 0
28 14 0 28 14 0
14 4 0 14 4 0
