20 5 0 20 5 0
13 6 0 13 6 0
11 4 0 11 4 0
15 8 0 15 8 0
22 4 0 22 4 0
23 8 0 23 8 0
21 5 0 21 5 0
29 2 0 29 2 0
14 3 0 14 3 0
13 5 0 13 5 0
25 4 0 25 4 0
15 1 0 15 1 0
30 6 0 30 6 0
14 8 0 14 8 0
26 5 0 26 5 0
21 6 0 21 6 0
22 6 0 22 6 0
16 4 0 16 4 0
17 6 0 17 6 0
13 1 0 13 1 0
15 8 0 15 8 0
25 5 0 25 5 0
13 3 0 13 3 0
16 2 0 16 2 0
21 1 0 21 1 0
27 5 0 27 5 0
26 10 0 26 10 0
11 1 0 11 1 0
20 3 0 20 3 0
12 4 0 12 4 0
12 5 0 12 5 0
17 5 0 17 5 0
10 5 0 10 5 0
20 1 0 20 1 0
26 9 0 26 9 0
25 1 0 25 1 0
16 8 0 16 8 0
10 6 0 10 6 0
