22 5 0 22 5 0
18 6 0 18 6 0
17 1 0 17 1 0
24 2 0 24 2 0
29 14 0 29 14 0
10 3 0 10 3 0
14 8 0 14 8 0
22 8 0 22 8 0
22 1 0 22 1 0
14 4 0 14 4 0
28 2 0 28 2 0
30 15 0 30 15 0
17 4 0 17 4 0
17 3 0 17 3 0
14 1 0 14 1 0
25 2 0 25 2 0
21 7 0 21 7 0
28 11 0 28 11 0
14 8 0 14 8 0
16 2 0 16 2 0
29 4 0 29 4 0
11 4 0 11 4 0
19 4 0 19 4 0
29 3 0 29 3 0
29 7 0 29 7 0
10 5 0 10 5 0
14 2 0 14 2 0
17 1 0 17 1 0
21 3 0 21 3 0
12 1 0 12 1 0
16 6 0 16 6 0
25 13 0 25 13 0
27 3 0 27 3 0
13 2 0 13 2 0
30 8 0 30 8 0
19 4 0 19 4 0
23 8 0 23 8 0
11 5 0 11 5 0
26 11 0 26 11 0
