14 7 0 14 7 0
24 3 0 24 3 0
10 4 0 10 4 0
12 1 0 12 1 0
25 8 0 25 8 0
27 13 0 27 13 0
26 11 0 26 11 0
21 1 0 21 1 0
10 2 0 10 2 0
28 6 0 28 6 0
24 3 0 24 3 0
22 12 0 22 12 0
21 1 0 21 1 0
12 6 0 12 6 0
12 1 0 12 1 0
16 1 0 16 1 0
14 6 0 14 6 0
15 6 0 15 6 0
10 1 0 10 1 0
30 10 0 30 10 0
29 15 0 29 15 0
28 1 0 28 1 0
22 1 0 22 1 0
11 3 0 11 3 0
27 6 0 27 6 0
24 5 0 24 5 0
24 13 0 24 13 0
25 3 0 25 3 0
16 3 0 16 3 0
28 1 0 28 1 0
17 4 0 17 4 0
28 4 0 28 4 0
30 10 0 30 10 0
13 1 0 13 1 0
23 10 0 23 10 0
27 6 0 27 6 0
24 1 0 24 1 0
17 2 0 17 2 0
29 14 0 29 14 0
27 14 0 27 14 0
