16 8 0 16 8 0
15 4 0 15 4 0
12 6 0 12 6 0
19 8 0 19 8 0
16 4 0 16 4 0
27 2 0 27 2 0
28 10 0 28 10 0
10 2 0 10 2 0
28 10 0 28 10 0
27 2 0 27 2 0
25 3 0 25 3 0
30 1 0 30 1 0
29 11 0 29 11 0
25 2 0 25 2 0
26 9 0 26 9 0
29 14 0 29 14 0
18 4 0 18 4 0
26 1 0 26 1 0
30 8 0 30 8 0
17 3 0 17 3 0
22 2 0 22 2 0
29 2 0 29 2 0
16 9 0 16 9 0
25 3 0 25 3 0
22 7 0 22 7 0
27 8 0 27 8 0
24 7 0 24 7 0
20 9 0 20 9 0
25 4 0 25 4 0
17 9 0 17 9 0
10 1 0 10 1 0
17 6 0 17 6 0
24 7 0 24 7 0
14 1 0 14 1 0
29 12 0 29 12 0
19 9 0 19 9 0
25 1 0 25 1 0
18 2 0 18 2 0
11 6 0 11 6 0
