18 6 0 18 6 0
17 7 0 17 7 0
28 15 0 28 15 0
27 5 0 27 5 0
23 12 0 23 12 0
19 2 0 19 2 0
17 4 0 17 4 0
28 5 0 28 5 0
12 6 0 12 6 0
10 3 0 10 3 0
14 5 0 14 5 0
28 4 0 28 4 0
17 8 0 17 8 0
13 1 0 13 1 0
16 6 0 16 6 0
13 1 0 13 1 0
19 9 0 19 9 0
24 6 0 24 6 0
26 8 0 26 8 0
16 1 0 16 1 0
14 3 0 14 3 0
11 2 0 11 2 0
16 8 0 16 8 0
10 1 0 10 1 0
15 7 0 15 7 0
21 2 0 21 2 0
14 2 0 14 2 0
11 1 0 11 1 0
21 11 0 21 11 0
21 11 0 21 11 0
24 1 0 24 1 0
12 5 0 12 5 0
25 4 0 25 4 0
16 6 0 16 6 0
23 11 0 23 11 0
