11 2 0 11 2 0
23 7 0 23 7 0
18 8 0 18 8 0
22 3 0 22 3 0
13 4 0 13 4 0
11 3 0 11 3 0
16 5 0 16 5 0
12 7 0 12 7 0
25 7 0 25 7 0
24 6 0 24 6 0
15 7 0 15 7 0
20 7 0 20 7 0
25 4 0 25 4 0
12 3 0 12 3 0
24 1 0 24 1 0
18 1 0 18 1 0
15 8 0 15 8 0
10 3 0 10 3 0
26 3 0 26 3 0
17 1 0 17 1 0
29 13 0 29 13 0
19 3 0 19 3 0
25 2 0 25 2 0
22 1 0 22 1 0
11 5 0 11 5 0
21 11 0 21 11 0
11 5 0 11 5 0
24 12 0 24 12 0
29 13 0 29 13 0
19 8 0 19 8 0
25 1 0 25 1 0
28 2 0 28 2 0
13 5 0 13 5 0
27 3 0 27 3 0
23 6 0 23 6 0
13 3 0 13 3 0
