14 7 0 14 7 0
27 9 0 27 9 0
30 3 0 30 3 0
18 8 0 18 8 0
23 1 0 23 1 0
27 1 0 27 1 0
14 7 0 14 7 0
24 3 0 24 3 0
16 3 0 16 3 0
12 3 0 12 3 0
24 11 0 24 11 0
29 6 0 29 6 0
22 6 0 22 6 0
25 7 0 25 7 0
29 3 0 29 3 0
14 4 0 14 4 0
29 14 0 29 14 0
18 4 0 18 4 0
20 1 0 20 1 0
17 3 0 17 3 0
15 2 0 15 2 0
29 8 0 29 8 0
14 4 0 14 4 0
11 6 0 11 6 0
20 10 0 20 10 0
26 10 0 26 10 0
12 2 0 12 2 0
27 8 0 27 8 0
10 3 0 10 3 0
21 6 0 21 6 0
13 3 0 13 3 0
30 7 0 30 7 0
10 4 0 10 4 0
18 3 0 18 3 0
28 14 0 28 14 0
27 11 0 27 11 0
