24 3 0 24 3 0
13 1 0 13 1 0
10 4 0 10 4 0
12 4 0 12 4 0
10 1 0 10 1 0
23 7 0 23 7 0
16 8 0 16 8 0
25 5 0 25 5 0
13 7 0 13 7 0
27 9 0 27 9 0
18 6 0 18 6 0
16 2 0 16 2 0
14 1 0 14 1 0
23 10 0 23 10 0
30 7 0 30 7 0
17 2 0 17 2 0
24 1 0 24 1 0
23 1 0 23 1 0
30 6 0 30 6 0
13 4 0 13 4 0
11 1 0 11 1 0
18 8 0 18 8 0
27 13 0 27 13 0
27 3 0 27 3 0
16 3 0 16 3 0
10 4 0 10 4 0
26 8 0 26 8 0
21 6 0 21 6 0
27 12 0 27 12 0
25 13 0 25 13 0
18 8 0 18 8 0
24 2 0 24 2 0
24 13 0 24 13 0
21 7 0 21 7 0
16 2 0 16 2 0
20 3 0 20 3 0
21 1 0 21 1 0
19 2 0 19 2 0
28 5 0 28 5 0
