21 9 0 21 9 0
23 2 0 23 2 0
30 9 0 30 9 0
18 8 0 18 8 0
21 8 0 21 8 0
13 2 0 13 2 0
21 9 0 21 9 0
20 8 0 20 8 0
15 1 0 15 1 0
14 3 0 14 3 0
17 2 0 17 2 0
28 3 0 28 3 0
23 10 0 23 10 0
15 7 0 15 7 0
19 7 0 19 7 0
24 10 0 24 10 0
23 8 0 23 8 0
23 5 0 23 5 0
26 6 0 26 6 0
25 3 0 25 3 0
17 7 0 17 7 0
18 5 0 18 5 0
22 6 0 22 6 0
19 10 0 19 10 0
28 6 0 28 6 0
15 2 0 15 2 0
30 3 0 30 3 0
10 4 0 10 4 0
22 1 0 22 1 0
26 11 0 26 11 0
13 3 0 13 3 0
26 12 0 26 12 0
12 2 0 12 2 0
10 5 0 10 5 0
18 9 0 18 9 0
