28 4 0 28 4 0
19 6 0 19 6 0
26 6 0 26 6 0
27 9 0 27 9 0
25 12 0 25 12 0
27 3 0 27 3 0
24 7 0 24 7 0
19 5 0 19 5 0
22 2 0 22 2 0
19 2 0 19 2 0
23 8 0 23 8 0
24 3 0 24 3 0
25 2 0 25 2 0
15 3 0 15 3 0
22 12 0 22 12 0
17 7 0 17 7 0
13 2 0 13 2 0
19 8 0 19 8 0
22 4 0 22 4 0
26 1 0 26 1 0
10 1 0 10 1 0
21 1 0 21 1 0
28 7 0 28 7 0
22 4 0 22 4 0
29 4 0 29 4 0
17 3 0 17 3 0
17 2 0 17 2 0
25 4 0 25 4 0
15 4 0 15 4 0
25 3 0 25 3 0
10 1 0 10 1 0
27 7 0 27 7 0
24 9 0 24 9 0
18 9 0 18 9 0
22 11 0 22 11 0
22 6 0 22 6 0
26 7 0 26 7 0
28 6 0 28 6 0
26 10 0 26 10 0
23 12 0 23 12 0
18 9 0 18 9 0
