13 1 0 13 1 0
13 1 0 13 1 0
22 7 0 22 7 0
30 6 0 30 6 0
19 3 0 19 3 0
29 15 0 29 15 0
10 5 0 10 5 0
26 3 0 26 3 0
27 6 0 27 6 0
25 12 0 25 12 0
17 4 0 17 4 0
16 1 0 16 1 0
26 13 0 26 13 0
15 7 0 15 7 0
24 2 0 24 2 0
25 8 0 25 8 0
30 2 0 30 2 0
18 2 0 18 2 0
21 9 0 21 9 0
24 7 0 24 7 0
10 2 0 10 2 0
13 4 0 13 4 0
30 4 0 30 4 0
24 5 0 24 5 0
16 6 0 16 6 0
30 16 0 30 16 0
15 8 0 15 8 0
19 10 0 19 10 0
11 4 0 11 4 0
21 5 0 21 5 0
23 10 0 23 10 0
17 1 0 17 1 0
17 6 0 17 6 0
21 8 0 21 8 0
25 1 0 25 1 0
12 3 0 12 3 0
