30 1 0 30 1 0
15 2 0 15 2 0
13 2 0 13 2 0
23 8 0 23 8 0
11 6 0 11 6 0
22 6 0 22 6 0
16 7 0 16 7 0
25 9 0 25 9 0
27 2 0 27 2 0
19 1 0 19 1 0
14 8 0 14 8 0
21 5 0 21 5 0
20 9 0 20 9 0
29 10 0 29 10 0
16 5 0 16 5 0
29 9 0 29 9 0
26 12 0 26 12 0
22 6 0 22 6 0
26 1 0 26 1 0
22 4 0 22 4 0
23 11 0 23 11 0
21 11 0 21 11 0
22 2 0 22 2 0
15 1 0 15 1 0
26 2 0 26 2 0
13 2 0 13 2 0
29 10 0 29 10 0
23 1 0 23 1 0
17 2 0 17 2 0
11 2 0 11 2 0
18 7 0 18 7 0
25 1 0 25 1 0
26 11 0 26 11 0
20 3 0 20 3 0
20 3 0 20 3 0
24 5 0 24 5 0
28 12 0 28 12 0
19 2 0 19 2 0
26 12 0 26 12 0
