14 8 0 14 8 0
21 7 0 21 7 0
27 13 0 27 13 0
26 6 0 26 6 0
25 8 0 25 8 0
17 2 0 17 2 0
26 11 0 26 11 0
29 13 0 29 13 0
24 5 0 24 5 0
28 8 0 28 8 0
17 8 0 17 8 0
15 3 0 15 3 0
29 1 0 29 1 0
11 4 0 11 4 0
27 3 0 27 3 0
11 1 0 11 1 0
30 13 0 30 13 0
22 12 0 22 12 0
19 1 0 19 1 0
24 11 0 24 11 0
30 14 0 30 14 0
15 6 0 15 6 0
27 6 0 27 6 0
24 4 0 24 4 0
14 5 0 14 5 0
11 1 0 11 1 0
27 5 0 27 5 0
11 4 0 11 4 0
26 10 0 26 10 0
14 1 0 14 1 0
29 7 0 29 7 0
18 5 0 18 5 0
27 5 0 27 5 0
21 5 0 21 5 0
16 7 0 16 7 0
