12 6 0 12 6 0
28 5 0 28 5 0
14 3 0 14 3 0
29 15 0 29 15 0
16 1 0 16 1 0
23 7 0 23 7 0
30 14 0 30 14 0
14 5 0 14 5 0
26 4 0 26 4 0
14 6 0 14 6 0
27 1 0 27 1 0
25 10 0 25 10 0
10 4 0 10 4 0
12 4 0 12 4 0
27 1 0 27 1 0
26 5 0 26 5 0
16 5 0 16 5 0
14 3 0 14 3 0
20 4 0 20 4 0
20 9 0 20 9 0
13 3 0 13 3 0
12 7 0 12 7 0
16 6 0 16 6 0
26 10 0 26 10 0
11 2 0 11 2 0
15 1 0 15 1 0
18 8 0 18 8 0
24 11 0 24 11 0
11 3 0 11 3 0
30 6 0 30 6 0
21 3 0 21 3 0
25 1 0 25 1 0
27 7 0 27 7 0
25 9 0 25 9 0
10 5 0 10 5 0
