12 5 0 12 5 0
24 2 0 24 2 0
26 3 0 26 3 0
13 4 0 13 4 0
10 1 0 10 1 0
24 10 0 24 10 0
12 2 0 12 2 0
13 2 0 13 2 0
13 2 0 13 2 0
24 1 0 24 1 0
19 8 0 19 8 0
29 4 0 29 4 0
30 1 0 30 1 0
27 4 0 27 4 0
11 4 0 11 4 0
23 1 0 23 1 0
23 10 0 23 10 0
10 4 0 10 4 0
13 7 0 13 7 0
10 4 0 10 4 0
16 2 0 16 2 0
10 2 0 10 2 0
14 3 0 14 3 0
29 12 0 29 12 0
12 1 0 12 1 0
18 6 0 18 6 0
30 2 0 30 2 0
27 3 0 27 3 0
30 14 0 30 14 0
15 1 0 15 1 0
26 13 0 26 13 0
27 4 0 27 4 0
17 8 0 17 8 0
14 3 0 14 3 0
16 5 0 16 5 0
11 4 0 11 4 0
28 4 0 28 4 0
15 8 0 15 8 0
25 2 0 25 2 0
26 6 0 26 6 0
30 10 0 30 10 0
