16 2 0 16 2 0
11 3 0 11 3 0
21 6 0 21 6 0
23 11 0 23 11 0
27 5 0 27 5 0
17 5 0 17 5 0
26 2 0 26 2 0
15 2 0 15 2 0
28 14 0 28 14 0
16 7 0 16 7 0
13 6 0 13 6 0
28 14 0 28 14 0
24 6 0 24 6 0
21 2 0 21 2 0
21 5 0 21 5 0
21 2 0 21 2 0
29 15 0 29 15 0
21 6 0 21 6 0
14 8 0 14 8 0
11 3 0 11 3 0
12 3 0 12 3 0
11 4 0 11 4 0
24 1 0 24 1 0
16 9 0 16 9 0
20 7 0 20 7 0
22 6 0 22 6 0
12 5 0 12 5 0
21 3 0 21 3 0
18 1 0 18 1 0
12 1 0 12 1 0
27 2 0 27 2 0
15 6 0 15 6 0
29 9 0 29 9 0
21 8 0 21 8 0
30 4 0 30 4 0
24 2 0 24 2 0
19 2 0 19 2 0
