17 3 0 17 3 0
11 4 0 11 4 0
24 8 0 24 8 0
23 1 0 23 1 0
27 14 0 27 14 0
22 9 0 22 9 0
15 1 0 15 1 0
25 2 0 25 2 0
25 4 0 25 4 0
17 5 0 17 5 0
12 7 0 12 7 0
16 1 0 16 1 0
19 8 0 19 8 0
24 1 0 24 1 0
24 11 0 24 11 0
25 2 0 25 2 0
27 11 0 27 11 0
11 1 0 11 1 0
26 7 0 26 7 0
24 6 0 24 6 0
22 5 0 22 5 0
13 5 0 13 5 0
15 6 0 15 6 0
14 7 0 14 7 0
13 7 0 13 7 0
26 1 0 26 1 0
17 4 0 17 4 0
15 1 0 15 1 0
29 7 0 29 7 0
30 13 0 30 13 0
15 8 0 15 8 0
29 8 0 29 8 0
24 13 0 24 13 0
24 1 0 24 1 0
25 1 0 25 1 0
15 6 0 15 6 0
