28 10 0 28 10 0
21 6 0 21 6 0
28 3 0 28 3 0
13 3 0 13 3 0
28 15 0 28 15 0
27 1 0 27 1 0
24 9 0 24 9 0
13 2 0 13 2 0
10 5 0 10 5 0
16 5 0 16 5 0
19 7 0 19 7 0
23 2 0 23 2 0
28 10 0 28 10 0
14 3 0 14 3 0
29 1 0 29 1 0
19 1 0 19 1 0
20 4 0 20 4 0
23 1 0 23 1 0
22 8 0 22 8 0
27 8 0 27 8 0
29 2 0 29 2 0
22 5 0 22 5 0
17 8 0 17 8 0
11 3 0 11 3 0
14 7 0 14 7 0
24 7 0 24 7 0
19 9 0 19 9 0
11 4 0 11 4 0
19 9 0 19 9 0
21 11 0 21 11 0
11 2 0 11 2 0
18 2 0 18 2 0
29 9 0 29 9 0
10 5 0 10 5 0
10 3 0 10 3 0
25 10 0 25 10 0
