22 6 0 22 6 0
28 12 0 28 12 0
14 1 0 14 1 0
11 1 0 11 1 0
24 13 0 24 13 0
15 3 0 15 3 0
28 11 0 28 11 0
24 3 0 24 3 0
19 9 0 19 9 0
12 2 0 12 2 0
13 2 0 13 2 0
13 4 0 13 4 0
18 1 0 18 1 0
20 10 0 20 10 0
23 12 0 23 12 0
14 3 0 14 3 0
10 5 0 10 5 0
22 6 0 22 6 0
12 4 0 12 4 0
10 6 0 10 6 0
11 2 0 11 2 0
30 11 0 30 11 0
25 2 0 25 2 0
12 4 0 12 4 0
21 9 0 21 9 0
25 3 0 25 3 0
21 8 0 21 8 0
13 2 0 13 2 0
17 9 0 17 9 0
27 4 0 27 4 0
27 1 0 27 1 0
11 3 0 11 3 0
23 7 0 23 7 0
24 2 0 24 2 0
27 4 0 27 4 0
12 5 0 12 5 0
