22 12 0 22 12 0
22 5 0 22 5 0
10 3 0 10 3 0
12 2 0 12 2 0
14 4 0 14 4 0
17 1 0 17 1 0
26 12 0 26 12 0
13 5 0 13 5 0
11 5 0 11 5 0
23 11 0 23 11 0
10 1 0 10 1 0
29 3 0 29 3 0
20 4 0 20 4 0
22 6 0 22 6 0
13 1 0 13 1 0
11 2 0 11 2 0
21 6 0 21 6 0
12 7 0 12 7 0
25 5 0 25 5 0
19 9 0 19 9 0
26 11 0 26 11 0
27 9 0 27 9 0
27 1 0 27 1 0
17 6 0 17 6 0
13 2 0 13 2 0
27 5 0 27 5 0
10 2 0 10 2 0
11 2 0 11 2 0
28 7 0 28 7 0
24 10 0 24 10 0
28 15 0 28 15 0
10 2 0 10 2 0
24 9 0 24 9 0
19 9 0 19 9 0
22 2 0 22 2 0
