10 2 0 10 2 0
27 2 0 27 2 0
18 1 0 18 1 0
20 2 0 20 2 0
27 6 0 27 6 0
12 3 0 12 3 0
28 9 0 28 9 0
20 7 0 20 7 0
30 6 0 30 6 0
21 4 0 21 4 0
28 7 0 28 7 0
17 5 0 17 5 0
30 5 0 30 5 0
11 6 0 11 6 0
21 8 0 21 8 0
19 5 0 19 5 0
26 7 0 26 7 0
20 8 0 20 8 0
30 3 0 30 3 0
20 8 0 20 8 0
27 9 0 27 9 0
25 8 0 25 8 0
20 4 0 20 4 0
20 11 0 20 11 0
18 6 0 18 6 0
17 8 0 17 8 0
26 7 0 26 7 0
28 5 0 28 5 0
12 3 0 12 3 0
28 4 0 28 4 0
29 13 0 29 13 0
10 1 0 10 1 0
25 6 0 25 6 0
23 8 0 23 8 0
13 2 0 13 2 0
30 12 0 30 12 0
25 3 0 25 3 0
21 11 0 21 11 0
