22 5 0 22 5 0
20 5 0 20 5 0
25 10 0 25 10 0
24 3 0 24 3 0
18 1 0 18 1 0
27 2 0 27 2 0
24 11 0 24 11 0
18 8 0 18 8 0
25 2 0 25 2 0
25 12 0 25 12 0
11 2 0 11 2 0
30 9 0 30 9 0
15 1 0 15 1 0
18 1 0 18 1 0
17 3 0 17 3 0
20 6 0 20 6 0
11 1 0 11 1 0
29 10 0 29 10 0
27 4 0 27 4 0
30 7 0 30 7 0
26 8 0 26 8 0
13 2 0 13 2 0
13 7 0 13 7 0
21 10 0 21 10 0
25 6 0 25 6 0
28 5 0 28 5 0
23 7 0 23 7 0
10 4 0 10 4 0
24 1 0 24 1 0
22 6 0 22 6 0
15 6 0 15 6 0
15 1 0 15 1 0
17 7 0 17 7 0
21 7 0 21 7 0
23 5 0 23 5 0
23 8 0 23 8 0
19 5 0 19 5 0
14 4 0 14 4 0
29 8 0 29 8 0
