25 8 0 25 8 0
13 3 0 13 3 0
23 2 0 23 2 0
19 3 0 19 3 0
19 9 0 19 9 0
20 5 0 20 5 0
21 1 0 21 1 0
30 4 0 30 4 0
26 8 0 26 8 0
24 2 0 24 2 0
17 2 0 17 2 0
17 7 0 17 7 0
22 4 0 22 4 0
15 5 0 15 5 0
15 2 0 15 2 0
14 6 0 14 6 0
10 4 0 10 4 0
15 1 0 15 1 0
25 4 0 25 4 0
20 5 0 20 5 0
11 2 0 11 2 0
10 5 0 10 5 0
23 8 0 23 8 0
25 1 0 25 1 0
16 4 0 16 4 0
20 3 0 20 3 0
26 4 0 26 4 0
11 4 0 11 4 0
16 5 0 16 5 0
14 3 0 14 3 0
12 2 0 12 2 0
21 4 0 21 4 0
10 3 0 10 3 0
10 2 0 10 2 0
11 6 0 11 6 0
20 3 0 20 3 0
21 7 0 21 7 0
21 8 0 21 8 0
21 3 0 21 3 0
24 5 0 24 5 0
28 12 0 28 12 0
