28 15 0 28 15 0
12 7 0 12 7 0
30 2 0 30 2 0
24 12 0 24 12 0
24 1 0 24 1 0
11 2 0 11 2 0
17 1 0 17 1 0
15 7 0 15 7 0
16 5 0 16 5 0
13 5 0 13 5 0
27 6 0 27 6 0
23 2 0 23 2 0
28 3 0 28 3 0
26 2 0 26 2 0
19 4 0 19 4 0
23 10 0 23 10 0
20 8 0 20 8 0
22 2 0 22 2 0
29 1 0 29 1 0
16 5 0 16 5 0
12 5 0 12 5 0
20 8 0 20 8 0
14 3 0 14 3 0
11 3 0 11 3 0
21 5 0 21 5 0
23 4 0 23 4 0
19 6 0 19 6 0
19 2 0 19 2 0
18 2 0 18 2 0
24 5 0 24 5 0
14 6 0 14 6 0
17 3 0 17 3 0
17 2 0 17 2 0
27 5 0 27 5 0
22 1 0 22 1 0
11 6 0 11 6 0
15 4 0 15 4 0
13 3 0 13 3 0
19 4 0 19 4 0
27 3 0 27 3 0
29 2 0 29 2 0
11 6 0 11 6 0
