29 2 0 29 2 0
26 12 0 26 12 0
16 9 0 16 9 0
18 6 0 18 6 0
23 8 0 23 8 0
24 13 0 24 13 0
18 9 0 18 9 0
19 6 0 19 6 0
10 2 0 10 2 0
18 5 0 18 5 0
11 5 0 11 5 0
15 8 0 15 8 0
19 6 0 19 6 0
14 3 0 14 3 0
12 1 0 12 1 0
28 15 0 28 15 0
14 4 0 14 4 0
11 1 0 11 1 0
25 2 0 25 2 0
16 3 0 16 3 0
21 1 0 21 1 0
27 5 0 27 5 0
21 3 0 21 3 0
21 7 0 21 7 0
16 5 0 16 5 0
14 3 0 14 3 0
29 3 0 29 3 0
22 8 0 22 8 0
11 2 0 11 2 0
18 3 0 18 3 0
28 11 0 28 11 0
18 2 0 18 2 0
21 7 0 21 7 0
12 2 0 12 2 0
13 4 0 13 4 0
13 5 0 13 5 0
