22 3 0 22 3 0
13 3 0 13 3 0
14 4 0 14 4 0
23 11 0 23 11 0
14 2 0 14 2 0
18 2 0 18 2 0
13 3 0 13 3 0
10 3 0 10 3 0
19 1 0 19 1 0
27 5 0 27 5 0
27 11 0 27 11 0
21 4 0 21 4 0
14 6 0 14 6 0
22 1 0 22 1 0
27 12 0 27 12 0
21 4 0 21 4 0
30 11 0 30 11 0
28 10 0 28 10 0
16 3 0 16 3 0
12 3 0 12 3 0
12 7 0 12 7 0
30 12 0 30 12 0
18 6 0 18 6 0
20 4 0 20 4 0
16 2 0 16 2 0
17 3 0 17 3 0
23 6 0 23 6 0
23 5 0 23 5 0
17 9 0 17 9 0
26 5 0 26 5 0
21 2 0 21 2 0
14 2 0 14 2 0
30 14 0 30 14 0
27 7 0 27 7 0
10 4 0 10 4 0
23 9 0 23 9 0
24 11 0 24 11 0
