25 8 0 25 8 0
26 9 0 26 9 0
30 8 0 30 8 0
15 6 0 15 6 0
16 5 0 16 5 0
24 3 0 24 3 0
18 9 0 18 9 0
29 6 0 29 6 0
21 3 0 21 3 0
29 2 0 29 2 0
14 1 0 14 1 0
19 5 0 19 5 0
18 3 0 18 3 0
27 9 0 27 9 0
25 5 0 25 5 0
16 4 0 16 4 0
19 7 0 19 7 0
13 1 0 13 1 0
15 2 0 15 2 0
25 1 0 25 1 0
27 1 0 27 1 0
26 1 0 26 1 0
28 8 0 28 8 0
13 6 0 13 6 0
13 6 0 13 6 0
14 6 0 14 6 0
20 10 0 20 10 0
19 4 0 19 4 0
20 5 0 20 5 0
20 11 0 20 11 0
13 4 0 13 4 0
16 1 0 16 1 0
19 6 0 19 6 0
15 5 0 15 5 0
26 7 0 26 7 0
25 7 0 25 7 0
22 4 0 22 4 0
30 5 0 30 5 0
22 3 0 22 3 0
12 5 0 12 5 0
