14 1 0 14 1 0
27 11 0 27 11 0
28 7 0 28 7 0
22 4 0 22 4 0
13 5 0 13 5 0
13 1 0 13 1 0
22 6 0 22 6 0
11 1 0 11 1 0
18 9 0 18 9 0
24 11 0 24 11 0
18 8 0 18 8 0
29 3 0 29 3 0
13 5 0 13 5 0
28 3 0 28 3 0
10 1 0 10 1 0
30 10 0 30 10 0
20 2 0 20 2 0
17 7 0 17 7 0
21 1 0 21 1 0
22 2 0 22 2 0
11 4 0 11 4 0
26 5 0 26 5 0
20 3 0 20 3 0
28 10 0 28 10 0
18 1 0 18 1 0
16 8 0 16 8 0
12 5 0 12 5 0
30 8 0 30 8 0
30 14 0 30 14 0
28 3 0 28 3 0
23 11 0 23 11 0
22 5 0 22 5 0
25 1 0 25 1 0
20 7 0 20 7 0
25 11 0 25 11 0
18 9 0 18 9 0
27 12 0 27 12 0
