14 8 0 14 8 0
17 4 0 17 4 0
17 1 0 17 1 0
25 7 0 25 7 0
15 2 0 15 2 0
14 7 0 14 7 0
27 5 0 27 5 0
12 5 0 12 5 0
24 13 0 24 13 0
29 7 0 29 7 0
21 1 0 21 1 0
19 2 0 19 2 0
10 2 0 10 2 0
15 4 0 15 4 0
24 2 0 24 2 0
21 4 0 21 4 0
15 4 0 15 4 0
20 11 0 20 11 0
18 5 0 18 5 0
26 14 0 26 14 0
24 4 0 24 4 0
16 1 0 16 1 0
12 4 0 12 4 0
23 7 0 23 7 0
22 12 0 22 12 0
17 6 0 17 6 0
15 6 0 15 6 0
21 3 0 21 3 0
25 12 0 25 12 0
30 12 0 30 12 0
14 5 0 14 5 0
30 6 0 30 6 0
13 2 0 13 2 0
13 3 0 13 3 0
14 8 0 14 8 0
