14 8 0 14 8 0
26 4 0 26 4 0
27 14 0 27 14 0
18 4 0 18 4 0
29 14 0 29 14 0
27 6 0 27 6 0
12 3 0 12 3 0
24 7 0 24 7 0
21 7 0 21 7 0
10 1 0 10 1 0
12 5 0 12 5 0
22 11 0 22 11 0
21 10 0 21 10 0
30 16 0 30 16 0
23 5 0 23 5 0
23 6 0 23 6 0
30 3 0 30 3 0
19 3 0 19 3 0
21 6 0 21 6 0
11 4 0 11 4 0
10 1 0 10 1 0
30 9 0 30 9 0
29 4 0 29 4 0
22 3 0 22 3 0
20 2 0 20 2 0
17 5 0 17 5 0
10 4 0 10 4 0
18 1 0 18 1 0
20 1 0 20 1 0
28 11 0 28 11 0
22 11 0 22 11 0
13 1 0 13 1 0
13 4 0 13 4 0
19 7 0 19 7 0
24 1 0 24 1 0
20 2 0 20 2 0
25 5 0 25 5 0
