30 2 0 30 2 0
25 3 0 25 3 0
28 15 0 28 15 0
25 13 0 25 13 0
28 15 0 28 15 0
25 7 0 25 7 0
14 7 0 14 7 0
19 2 0 19 2 0
14 2 0 14 2 0
12 7 0 12 7 0
27 6 0 27 6 0
19 4 0 19 4 0
11 5 0 11 5 0
26 3 0 26 3 0
19 1 0 19 1 0
29 3 0 29 3 0
21 6 0 21 6 0
20 8 0 20 8 0
16 5 0 16 5 0
21 6 0 21 6 0
20 11 0 20 11 0
15 1 0 15 1 0
26 4 0 26 4 0
23 2 0 23 2 0
16 9 0 16 9 0
11 1 0 11 1 0
17 1 0 17 1 0
21 10 0 21 10 0
16 7 0 16 7 0
29 12 0 29 12 0
28 7 0 28 7 0
14 2 0 14 2 0
13 6 0 13 6 0
24 7 0 24 7 0
18 4 0 18 4 0
