26 2 0 26 2 0
28 1 0 28 1 0
11 4 0 11 4 0
17 5 0 17 5 0
12 1 0 12 1 0
25 13 0 25 13 0
27 4 0 27 4 0
11 6 0 11 6 0
28 4 0 28 4 0
14 4 0 14 4 0
29 8 0 29 8 0
19 9 0 19 9 0
16 7 0 16 7 0
17 6 0 17 6 0
17 8 0 17 8 0
16 7 0 16 7 0
20 4 0 20 4 0
27 8 0 27 8 0
18 2 0 18 2 0
18 5 0 18 5 0
18 6 0 18 6 0
28 2 0 28 2 0
27 8 0 27 8 0
27 3 0 27 3 0
27 1 0 27 1 0
13 7 0 13 7 0
28 1 0 28 1 0
19 4 0 19 4 0
21 7 0 21 7 0
22 6 0 22 6 0
30 9 0 30 9 0
28 2 0 28 2 0
19 3 0 19 3 0
28 9 0 28 9 0
19 10 0 19 10 0
26 12 0 26 12 0
14 1 0 14 1 0
25 7 0 25 7 0
