10 4 0 10 4 0
15 3 0 15 3 0
15 4 0 15 4 0
12 1 0 12 1 0
29 12 0 29 12 0
22 5 0 22 5 0
28 11 0 28 11 0
15 5 0 15 5 0
28 8 0 28 8 0
28 8 0 28 8 0
15 4 0 15 4 0
12 1 0 12 1 0
18 10 0 18 10 0
13 6 0 13 6 0
15 5 0 15 5 0
28 1 0 28 1 0
29 14 0 29 14 0
29 3 0 29 3 0
30 6 0 30 6 0
24 1 0 24 1 0
12 1 0 12 1 0
24 12 0 24 12 0
18 2 0 18 2 0
16 2 0 16 2 0
13 5 0 13 5 0
24 10 0 24 10 0
18 1 0 18 1 0
22 10 0 22 10 0
23 9 0 23 9 0
21 2 0 21 2 0
26 3 0 26 3 0
19 7 0 19 7 0
19 5 0 19 5 0
24 3 0 24 3 0
26 1 0 26 1 0
21 3 0 21 3 0
22 6 0 22 6 0
11 3 0 11 3 0
22 2 0 22 2 0
16 1 0 16 1 0
20 2 0 20 2 0
10 5 0 10 5 0
