27 7 0 27 7 0
10 1 0 10 1 0
10 1 0 10 1 0
23 11 0 23 11 0
14 2 0 14 2 0
24 10 0 24 10 0
15 5 0 15 5 0
19 3 0 19 3 0
29 15 0 29 15 0
29 6 0 29 6 0
24 2 0 24 2 0
26 10 0 26 10 0
30 16 0 30 16 0
27 2 0 27 2 0
19 3 0 19 3 0
10 1 0 10 1 0
30 5 0 30 5 0
19 1 0 19 1 0
20 10 0 20 10 0
24 6 0 24 6 0
26 3 0 26 3 0
25 8 0 25 8 0
12 2 0 12 2 0
17 4 0 17 4 0
16 4 0 16 4 0
14 2 0 14 2 0
20 9 0 20 9 0
13 7 0 13 7 0
24 5 0 24 5 0
20 4 0 20 4 0
22 8 0 22 8 0
23 6 0 23 6 0
26 5 0 26 5 0
15 4 0 15 4 0
12 3 0 12 3 0
22 10 0 22 10 0
10 6 0 10 6 0
