12 1 0 12 1 0
18 5 0 18 5 0
12 2 0 12 2 0
20 1 0 20 1 0
25 8 0 25 8 0
30 12 0 30 12 0
20 11 0 20 11 0
10 5 0 10 5 0
15 2 0 15 2 0
26 1 0 26 1 0
25 3 0 25 3 0
24 3 0 24 3 0
25 12 0 25 12 0
23 7 0 23 7 0
17 1 0 17 1 0
15 7 0 15 7 0
28 8 0 28 8 0
17 5 0 17 5 0
25 1 0 25 1 0
13 3 0 13 3 0
20 11 0 20 11 0
20 3 0 20 3 0
13 6 0 13 6 0
27 9 0 27 9 0
21 10 0 21 10 0
23 4 0 23 4 0
30 6 0 30 6 0
30 2 0 30 2 0
28 6 0 28 6 0
22 11 0 22 11 0
22 6 0 22 6 0
30 15 0 30 15 0
16 1 0 16 1 0
15 5 0 15 5 0
30 8 0 30 8 0
22 4 0 22 4 0
17 6 0 17 6 0
