28 1 0 28 1 0
10 3 0 10 3 0
17 8 0 17 8 0
11 2 0 11 2 0
24 13 0 24 13 0
16 6 0 16 6 0
17 2 0 17 2 0
21 7 0 21 7 0
17 2 0 17 2 0
10 1 0 10 1 0
26 14 0 26 14 0
18 2 0 18 2 0
20 6 0 20 6 0
20 2 0 20 2 0
25 4 0 25 4 0
11 4 0 11 4 0
18 1 0 18 1 0
12 4 0 12 4 0
22 5 0 22 5 0
14 3 0 14 3 0
28 12 0 28 12 0
19 4 0 19 4 0
30 10 0 30 10 0
26 2 0 26 2 0
18 7 0 18 7 0
10 5 0 10 5 0
23 3 0 23 3 0
11 2 0 11 2 0
16 7 0 16 7 0
21 7 0 21 7 0
19 1 0 19 1 0
27 5 0 27 5 0
10 6 0 10 6 0
28 11 0 28 11 0
12 7 0 12 7 0
11 3 0 11 3 0
