20 4 0 20 4 0
26 9 0 26 9 0
11 2 0 11 2 0
17 2 0 17 2 0
17 1 0 17 1 0
29 3 0 29 3 0
17 1 0 17 1 0
25 10 0 25 10 0
23 12 0 23 12 0
16 5 0 16 5 0
22 6 0 22 6 0
13 2 0 13 2 0
13 7 0 13 7 0
14 7 0 14 7 0
25 2 0 25 2 0
28 15 0 28 15 0
19 8 0 19 8 0
28 14 0 28 14 0
26 6 0 26 6 0
22 2 0 22 2 0
15 5 0 15 5 0
22 3 0 22 3 0
16 8 0 16 8 0
11 1 0 11 1 0
21 9 0 21 9 0
20 2 0 20 2 0
15 5 0 15 5 0
11 2 0 11 2 0
14 4 0 14 4 0
30 12 0 30 12 0
30 14 0 30 14 0
29 6 0 29 6 0
29 9 0 29 9 0
23 9 0 23 9 0
26 3 0 26 3 0
27 11 0 27 11 0
