26 4 0 26 4 0
25 2 0 25 2 0
26 7 0 26 7 0
27 6 0 27 6 0
13 1 0 13 1 0
27 13 0 27 13 0
19 10 0 19 10 0
23 7 0 23 7 0
11 2 0 11 2 0
28 10 0 28 10 0
15 3 0 15 3 0
22 7 0 22 7 0
13 7 0 13 7 0
30 9 0 30 9 0
22 8 0 22 8 0
29 1 0 29 1 0
14 7 0 14 7 0
24 7 0 24 7 0
21 7 0 21 7 0
22 7 0 22 7 0
24 13 0 24 13 0
21 1 0 21 1 0
22 3 0 22 3 0
28 4 0 28 4 0
18 10 0 18 10 0
20 1 0 20 1 0
29 8 0 29 8 0
11 1 0 11 1 0
28 4 0 28 4 0
16 5 0 16 5 0
12 4 0 12 4 0
15 1 0 15 1 0
13 7 0 13 7 0
15 1 0 15 1 0
30 16 0 30 16 0
25 13 0 25 13 0
