14 5 0 14 5 0
10 1 0 10 1 0
16 3 0 16 3 0
22 10 0 22 10 0
25 7 0 25 7 0
10 6 0 10 6 0
25 10 0 25 10 0
25 7 0 25 7 0
24 3 0 24 3 0
13 2 0 13 2 0
22 5 0 22 5 0
10 6 0 10 6 0
18 1 0 18 1 0
12 1 0 12 1 0
20 2 0 20 2 0
30 6 0 30 6 0
10 3 0 10 3 0
27 14 0 27 14 0
22 5 0 22 5 0
20 6 0 20 6 0
22 3 0 22 3 0
11 5 0 11 5 0
12 2 0 12 2 0
21 6 0 21 6 0
20 1 0 20 1 0
14 2 0 14 2 0
25 7 0 25 7 0
25 10 0 25 10 0
23 10 0 23 10 0
10 6 0 10 6 0
28 15 0 28 15 0
11 2 0 11 2 0
28 10 0 28 10 0
18 2 0 18 2 0
29 12 0 29 12 0
