19 6 0 19 6 0
11 3 0 11 3 0
30 1 0 30 1 0
16 1 0 16 1 0
29 10 0 29 10 0
17 8 0 17 8 0
13 1 0 13 1 0
18 1 0 18 1 0
29 5 0 29 5 0
27 6 0 27 6 0
24 13 0 24 13 0
26 6 0 26 6 0
30 7 0 30 7 0
30 9 0 30 9 0
18 8 0 18 8 0
30 7 0 30 7 0
12 1 0 12 1 0
12 6 0 12 6 0
23 3 0 23 3 0
27 3 0 27 3 0
29 11 0 29 11 0
19 5 0 19 5 0
18 6 0 18 6 0
16 3 0 16 3 0
24 5 0 24 5 0
19 4 0 19 4 0
17 9 0 17 9 0
29 15 0 29 15 0
14 7 0 14 7 0
19 8 0 19 8 0
10 5 0 10 5 0
29 5 0 29 5 0
18 8 0 18 8 0
30 5 0 30 5 0
19 10 0 19 10 0
