15 8 0 15 8 0
14 2 0 14 2 0
22 3 0 22 3 0
12 3 0 12 3 0
22 2 0 22 2 0
11 1 0 11 1 0
30 12 0 30 12 0
12 4 0 12 4 0
30 12 0 30 12 0
17 3 0 17 3 0
20 1 0 20 1 0
10 1 0 10 1 0
20 10 0 20 10 0
17 1 0 17 1 0
25 4 0 25 4 0
24 10 0 24 10 0
14 6 0 14 6 0
13 6 0 13 6 0
25 6 0 25 6 0
29 14 0 29 14 0
18 9 0 18 9 0
25 1 0 25 1 0
12 1 0 12 1 0
30 7 0 30 7 0
23 12 0 23 12 0
10 3 0 10 3 0
30 14 0 30 14 0
21 1 0 21 1 0
30 8 0 30 8 0
26 9 0 26 9 0
12 5 0 12 5 0
30 6 0 30 6 0
12 5 0 12 5 0
16 6 0 16 6 0
12 4 0 12 4 0
23 3 0 23 3 0
