12 5 0 12 5 0
29 14 0 29 14 0
30 8 0 30 8 0
23 8 0 23 8 0
18 2 0 18 2 0
19 2 0 19 2 0
10 1 0 10 1 0
22 7 0 22 7 0
23 1 0 23 1 0
16 6 0 16 6 0
21 2 0 21 2 0
23 6 0 23 6 0
11 4 0 11 4 0
23 4 0 23 4 0
18 3 0 18 3 0
29 8 0 29 8 0
29 10 0 29 10 0
24 7 0 24 7 0
16 9 0 16 9 0
22 6 0 22 6 0
20 7 0 20 7 0
20 3 0 20 3 0
20 1 0 20 1 0
27 3 0 27 3 0
17 8 0 17 8 0
12 7 0 12 7 0
29 7 0 29 7 0
26 3 0 26 3 0
21 11 0 21 11 0
21 4 0 21 4 0
25 4 0 25 4 0
17 9 0 17 9 0
25 1 0 25 1 0
22 12 0 22 12 0
30 2 0 30 2 0
19 2 0 19 2 0
28 6 0 28 6 0
16 5 0 16 5 0
