23 4 0 23 4 0
22 7 0 22 7 0
12 6 0 12 6 0
14 1 0 14 1 0
26 1 0 26 1 0
17 4 0 17 4 0
16 3 0 16 3 0
22 8 0 22 8 0
13 2 0 13 2 0
21 8 0 21 8 0
15 1 0 15 1 0
22 8 0 22 8 0
27 11 0 27 11 0
28 5 0 28 5 0
21 1 0 21 1 0
19 7 0 19 7 0
27 10 0 27 10 0
29 2 0 29 2 0
19 4 0 19 4 0
24 5 0 24 5 0
10 4 0 10 4 0
15 4 0 15 4 0
16 9 0 16 9 0
29 12 0 29 12 0
23 3 0 23 3 0
29 7 0 29 7 0
20 8 0 20 8 0
18 1 0 18 1 0
26 3 0 26 3 0
20 9 0 20 9 0
12 7 0 12 7 0
30 9 0 30 9 0
23 4 0 23 4 0
25 3 0 25 3 0
12 4 0 12 4 0
26 9 0 26 9 0
25 2 0 25 2 0
18 4 0 18 4 0
25 2 0 25 2 0
30 15 0 30 15 0
