11 3 0 11 3 0
11 3 0 11 3 0
22 12 0 22 12 0
21 1 0 21 1 0
24 2 0 24 2 0
16 2 0 16 2 0
13 5 0 13 5 0
15 3 0 15 3 0
21 10 0 21 10 0
24 1 0 24 1 0
16 5 0 16 5 0
29 4 0 29 4 0
26 10 0 26 10 0
21 9 0 21 9 0
23 6 0 23 6 0
15 1 0 15 1 0
13 7 0 13 7 0
14 3 0 14 3 0
13 6 0 13 6 0
27 10 0 27 10 0
27 3 0 27 3 0
27 14 0 27 14 0
13 2 0 13 2 0
20 3 0 20 3 0
21 5 0 21 5 0
10 1 0 10 1 0
28 1 0 28 1 0
10 3 0 10 3 0
20 3 0 20 3 0
25 7 0 25 7 0
13 5 0 13 5 0
27 10 0 27 10 0
14 3 0 14 3 0
24 13 0 24 13 0
28 11 0 28 11 0
27 12 0 27 12 0
