12 4 0 12 4 0
21 4 0 21 4 0
26 7 0 26 7 0
28 9 0 28 9 0
20 2 0 20 2 0
21 11 0 21 11 0
27 3 0 27 3 0
29 11 0 29 11 0
18 7 0 18 7 0
24 3 0 24 3 0
23 7 0 23 7 0
21 6 0 21 6 0
11 6 0 11 6 0
20 8 0 20 8 0
28 5 0 28 5 0
19 5 0 19 5 0
28 11 0 28 11 0
14 1 0 14 1 0
17 1 0 17 1 0
15 3 0 15 3 0
22 1 0 22 1 0
23 6 0 23 6 0
17 3 0 17 3 0
25 9 0 25 9 0
17 4 0 17 4 0
13 5 0 13 5 0
29 7 0 29 7 0
16 3 0 16 3 0
22 12 0 22 12 0
21 10 0 21 10 0
10 4 0 10 4 0
10 2 0 10 2 0
11 5 0 11 5 0
16 9 0 16 9 0
27 8 0 27 8 0
