29 14 0 29 14 0
11 5 0 11 5 0
20 10 0 20 10 0
26 10 0 26 10 0
24 4 0 24 4 0
24 2 0 24 2 0
19 1 0 19 1 0
29 4 0 29 4 0
18 1 0 18 1 0
17 4 0 17 4 0
10 3 0 10 3 0
25 7 0 25 7 0
25 10 0 25 10 0
11 6 0 11 6 0
22 2 0 22 2 0
21 8 0 21 8 0
25 12 0 25 12 0
22 8 0 22 8 0
13 5 0 13 5 0
16 3 0 16 3 0
19 6 0 19 6 0
18 2 0 18 2 0
20 8 0 20 8 0
18 5 0 18 5 0
12 5 0 12 5 0
20 3 0 20 3 0
22 2 0 22 2 0
23 12 0 23 12 0
15 2 0 15 2 0
30 3 0 30 3 0
14 1 0 14 1 0
10 1 0 10 1 0
21 8 0 21 8 0
29 6 0 29 6 0
23 1 0 23 1 0
26 2 0 26 2 0
19 10 0 19 10 0
22 6 0 22 6 0
