29 2 0 29 2 0
26 2 0 26 2 0
10 3 0 10 3 0
28 9 0 28 9 0
18 7 0 18 7 0
17 1 0 17 1 0
24 5 0 24 5 0
12 2 0 12 2 0
29 8 0 29 8 0
12 7 0 12 7 0
17 3 0 17 3 0
13 1 0 13 1 0
27 10 0 27 10 0
10 2 0 10 2 0
15 5 0 15 5 0
18 6 0 18 6 0
28 7 0 28 7 0
21 8 0 21 8 0
17 9 0 17 9 0
19 3 0 19 3 0
15 2 0 15 2 0
15 3 0 15 3 0
29 7 0 29 7 0
21 1 0 21 1 0
24 12 0 24 12 0
13 2 0 13 2 0
28 3 0 28 3 0
18 1 0 18 1 0
15 2 0 15 2 0
22 9 0 22 9 0
15 6 0 15 6 0
15 8 0 15 8 0
10 1 0 10 1 0
20 5 0 20 5 0
21 5 0 21 5 0
25 7 0 25 7 0
13 3 0 13 3 0
20 4 0 20 4 0
24 6 0 24 6 0
30 15 0 30 15 0
