19 8 0 19 8 0
29 2 0 29 2 0
14 5 0 14 5 0
30 16 0 30 16 0
26 13 0 26 13 0
17 1 0 17 1 0
18 3 0 18 3 0
14 1 0 14 1 0
21 8 0 21 8 0
27 5 0 27 5 0
11 2 0 11 2 0
17 4 0 17 4 0
29 9 0 29 9 0
24 9 0 24 9 0
20 4 0 20 4 0
22 4 0 22 4 0
20 1 0 20 1 0
13 3 0 13 3 0
20 5 0 20 5 0
19 1 0 19 1 0
11 1 0 11 1 0
25 2 0 25 2 0
26 10 0 26 10 0
22 5 0 22 5 0
28 10 0 28 10 0
21 6 0 21 6 0
26 4 0 26 4 0
26 11 0 26 11 0
17 9 0 17 9 0
28 6 0 28 6 0
26 12 0 26 12 0
12 3 0 12 3 0
13 2 0 13 2 0
16 9 0 16 9 0
24 8 0 24 8 0
16 3 0 16 3 0
26 3 0 26 3 0
24 5 0 24 5 0
17 9 0 17 9 0
