26 2 0 26 2 0
20 6 0 20 6 0
29 4 0 29 4 0
27 2 0 27 2 0
25 5 0 25 5 0
27 12 0 27 12 0
27 4 0 27 4 0
13 1 0 13 1 0
24 3 0 24 3 0
20 2 0 20 2 0
26 1 0 26 1 0
14 3 0 14 3 0
29 1 0 29 1 0
10 5 0 10 5 0
16 5 0 16 5 0
11 3 0 11 3 0
24 12 0 24 12 0
24 12 0 24 12 0
25 9 0 25 9 0
22 5 0 22 5 0
15 6 0 15 6 0
13 3 0 13 3 0
20 1 0 20 1 0
17 9 0 17 9 0
19 3 0 19 3 0
23 2 0 23 2 0
14 4 0 14 4 0
16 8 0 16 8 0
15 4 0 15 4 0
25 4 0 25 4 0
14 5 0 14 5 0
14 7 0 14 7 0
23 4 0 23 4 0
17 6 0 17 6 0
30 5 0 30 5 0
18 7 0 18 7 0
12 4 0 12 4 0
14 5 0 14 5 0
15 7 0 15 7 0
