28 11 0 28 11 0
27 12 0 27 12 0
30 14 0 30 14 0
18 3 0 18 3 0
12 3 0 12 3 0
24 12 0 24 12 0
14 1 0 14 1 0
23 1 0 23 1 0
28 4 0 28 4 0
29 11 0 29 11 0
19 8 0 19 8 0
14 2 0 14 2 0
17 8 0 17 8 0
15 4 0 15 4 0
11 6 0 11 6 0
24 3 0 24 3 0
14 1 0 14 1 0
19 6 0 19 6 0
21 11 0 21 11 0
12 3 0 12 3 0
30 1 0 30 1 0
10 3 0 10 3 0
20 3 0 20 3 0
17 3 0 17 3 0
13 4 0 13 4 0
12 5 0 12 5 0
19 7 0 19 7 0
16 1 0 16 1 0
18 8 0 18 8 0
23 2 0 23 2 0
18 2 0 18 2 0
21 10 0 21 10 0
18 7 0 18 7 0
14 3 0 14 3 0
30 10 0 30 10 0
26 14 0 26 14 0
