15 7 0 15 7 0
28 1 0 28 1 0
15 1 0 15 1 0
22 8 0 22 8 0
28 10 0 28 10 0
12 1 0 12 1 0
30 11 0 30 11 0
24 9 0 24 9 0
14 3 0 14 3 0
17 5 0 17 5 0
23 4 0 23 4 0
27 12 0 27 12 0
26 8 0 26 8 0
18 1 0 18 1 0
19 6 0 19 6 0
14 2 0 14 2 0
21 4 0 21 4 0
24 12 0 24 12 0
27 1 0 27 1 0
20 3 0 20 3 0
13 6 0 13 6 0
19 6 0 19 6 0
18 6 0 18 6 0
14 1 0 14 1 0
30 14 0 30 14 0
15 5 0 15 5 0
17 9 0 17 9 0
13 1 0 13 1 0
25 11 0 25 11 0
16 8 0 16 8 0
15 1 0 15 1 0
22 6 0 22 6 0
29 6 0 29 6 0
25 13 0 25 13 0
22 9 0 22 9 0
12 4 0 12 4 0
