16 1 0 16 1 0
30 2 0 30 2 0
22 1 0 22 1 0
19 4 0 19 4 0
15 8 0 15 8 0
21 9 0 21 9 0
22 5 0 22 5 0
21 6 0 21 6 0
10 2 0 10 2 0
27 8 0 27 8 0
21 11 0 21 11 0
11 5 0 11 5 0
19 4 0 19 4 0
26 7 0 26 7 0
25 12 0 25 12 0
26 4 0 26 4 0
27 12 0 27 12 0
14 3 0 14 3 0
17 3 0 17 3 0
18 7 0 18 7 0
15 1 0 15 1 0
15 2 0 15 2 0
25 1 0 25 1 0
23 9 0 23 9 0
17 9 0 17 9 0
10 5 0 10 5 0
11 4 0 11 4 0
21 5 0 21 5 0
19 10 0 19 10 0
18 3 0 18 3 0
18 4 0 18 4 0
19 5 0 19 5 0
19 5 0 19 5 0
16 2 0 16 2 0
23 6 0 23 6 0
27 1 0 27 1 0
11 6 0 11 6 0
