28 12 0 28 12 0
30 8 0 30 8 0
29 1 0 29 1 0
21 8 0 21 8 0
30 1 0 30 1 0
12 4 0 12 4 0
11 6 0 11 6 0
27 5 0 27 5 0
18 2 0 18 2 0
20 9 0 20 9 0
13 1 0 13 1 0
11 1 0 11 1 0
27 2 0 27 2 0
29 13 0 29 13 0
19 9 0 19 9 0
24 9 0 24 9 0
11 4 0 11 4 0
13 7 0 13 7 0
15 5 0 15 5 0
14 3 0 14 3 0
17 5 0 17 5 0
30 1 0 30 1 0
23 5 0 23 5 0
20 8 0 20 8 0
11 1 0 11 1 0
18 10 0 18 10 0
17 8 0 17 8 0
21 7 0 21 7 0
29 13 0 29 13 0
19 1 0 19 1 0
15 6 0 15 6 0
26 7 0 26 7 0
24 1 0 24 1 0
29 15 0 29 15 0
12 6 0 12 6 0
