12 1 0 12 1 0
13 4 0 13 4 0
13 2 0 13 2 0
23 5 0 23 5 0
12 4 0 12 4 0
19 7 0 19 7 0
18 1 0 18 1 0
11 3 0 11 3 0
11 1 0 11 1 0
16 7 0 16 7 0
19 2 0 19 2 0
20 1 0 20 1 0
10 6 0 10 6 0
24 4 0 24 4 0
27 4 0 27 4 0
17 2 0 17 2 0
30 2 0 30 2 0
10 6 0 10 6 0
27 6 0 27 6 0
18 1 0 18 1 0
18 1 0 18 1 0
18 6 0 18 6 0
16 4 0 16 4 0
12 1 0 12 1 0
28 9 0 28 9 0
23 12 0 23 12 0
23 11 0 23 11 0
13 3 0 13 3 0
19 1 0 19 1 0
29 9 0 29 9 0
27 8 0 27 8 0
11 6 0 11 6 0
30 12 0 30 12 0
30 16 0 30 16 0
25 8 0 25 8 0
23 5 0 23 5 0
15 7 0 15 7 0
11 4 0 11 4 0
