27 12 0 27 12 0
30 13 0 30 13 0
20 5 0 20 5 0
28 4 0 28 4 0
16 4 0 16 4 0
25 1 0 25 1 0
24 11 0 24 11 0
24 7 0 24 7 0
14 6 0 14 6 0
21 1 0 21 1 0
11 2 0 11 2 0
13 2 0 13 2 0
21 8 0 21 8 0
16 4 0 16 4 0
15 8 0 15 8 0
25 9 0 25 9 0
28 14 0 28 14 0
18 1 0 18 1 0
25 3 0 25 3 0
12 2 0 12 2 0
30 3 0 30 3 0
21 2 0 21 2 0
18 2 0 18 2 0
22 5 0 22 5 0
20 5 0 20 5 0
24 12 0 24 12 0
23 11 0 23 11 0
19 3 0 19 3 0
20 2 0 20 2 0
15 8 0 15 8 0
19 9 0 19 9 0
16 9 0 16 9 0
24 3 0 24 3 0
23 4 0 23 4 0
10 3 0 10 3 0
30 14 0 30 14 0
