17 4 0 17 4 0
27 1 0 27 1 0
19 2 0 19 2 0
23 2 0 23 2 0
19 6 0 19 6 0
17 6 0 17 6 0
10 6 0 10 6 0
30 13 0 30 13 0
29 4 0 29 4 0
28 9 0 28 9 0
29 15 0 29 15 0
30 16 0 30 16 0
27 8 0 27 8 0
11 5 0 11 5 0
13 7 0 13 7 0
16 3 0 16 3 0
26 4 0 26 4 0
30 1 0 30 1 0
15 8 0 15 8 0
18 6 0 18 6 0
18 5 0 18 5 0
20 1 0 20 1 0
21 7 0 21 7 0
17 4 0 17 4 0
22 10 0 22 10 0
24 2 0 24 2 0
18 10 0 18 10 0
23 1 0 23 1 0
20 5 0 20 5 0
26 5 0 26 5 0
29 14 0 29 14 0
11 1 0 11 1 0
10 5 0 10 5 0
29 7 0 29 7 0
10 2 0 10 2 0
