28 5 0 28 5 0
14 5 0 14 5 0
23 8 0 23 8 0
15 2 0 15 2 0
21 3 0 21 3 0
29 6 0 29 6 0
10 4 0 10 4 0
11 4 0 11 4 0
12 1 0 12 1 0
19 8 0 19 8 0
18 7 0 18 7 0
23 11 0 23 11 0
20 8 0 20 8 0
28 13 0 28 13 0
23 3 0 23 3 0
13 6 0 13 6 0
18 5 0 18 5 0
24 11 0 24 11 0
27 1 0 27 1 0
27 3 0 27 3 0
11 3 0 11 3 0
13 2 0 13 2 0
13 3 0 13 3 0
17 7 0 17 7 0
14 1 0 14 1 0
16 6 0 16 6 0
10 3 0 10 3 0
13 6 0 13 6 0
13 4 0 13 4 0
24 1 0 24 1 0
24 11 0 24 11 0
20 8 0 20 8 0
27 11 0 27 11 0
15 1 0 15 1 0
13 2 0 13 2 0
18 7 0 18 7 0
