15 4 0 15 4 0
28 6 0 28 6 0
27 10 0 27 10 0
29 15 0 29 15 0
15 5 0 15 5 0
29 6 0 29 6 0
21 1 0 21 1 0
20 4 0 20 4 0
23 3 0 23 3 0
14 1 0 14 1 0
13 5 0 13 5 0
10 4 0 10 4 0
23 5 0 23 5 0
13 6 0 13 6 0
18 4 0 18 4 0
10 1 0 10 1 0
23 8 0 23 8 0
14 5 0 14 5 0
29 1 0 29 1 0
21 5 0 21 5 0
12 4 0 12 4 0
16 7 0 16 7 0
22 9 0 22 9 0
13 1 0 13 1 0
21 5 0 21 5 0
27 4 0 27 4 0
13 6 0 13 6 0
24 4 0 24 4 0
12 2 0 12 2 0
23 4 0 23 4 0
23 4 0 23 4 0
26 14 0 26 14 0
25 4 0 25 4 0
12 6 0 12 6 0
11 3 0 11 3 0
22 8 0 22 8 0
26 13 0 26 13 0
