20 2 0 20 2 0
24 9 0 24 9 0
23 12 0 23 12 0
18 7 0 18 7 0
15 3 0 15 3 0
24 1 0 24 1 0
12 4 0 12 4 0
28 15 0 28 15 0
25 5 0 25 5 0
10 2 0 10 2 0
20 10 0 20 10 0
24 9 0 24 9 0
24 4 0 24 4 0
24 3 0 24 3 0
26 4 0 26 4 0
18 3 0 18 3 0
27 10 0 27 10 0
24 2 0 24 2 0
16 1 0 16 1 0
10 6 0 10 6 0
21 6 0 21 6 0
18 10 0 18 10 0
30 8 0 30 8 0
26 2 0 26 2 0
12 4 0 12 4 0
19 2 0 19 2 0
22 4 0 22 4 0
25 10 0 25 10 0
29 8 0 29 8 0
15 6 0 15 6 0
10 2 0 10 2 0
29 7 0 29 7 0
22 11 0 22 11 0
21 5 0 21 5 0
15 8 0 15 8 0
