25 9 0 25 9 0
25 6 0 25 6 0
11 2 0 11 2 0
25 11 0 25 11 0
28 2 0 28 2 0
20 5 0 20 5 0
16 4 0 16 4 0
27 12 0 27 12 0
13 7 0 13 7 0
19 7 0 19 7 0
21 10 0 21 10 0
10 6 0 10 6 0
16 1 0 16 1 0
14 3 0 14 3 0
12 1 0 12 1 0
28 6 0 28 6 0
29 1 0 29 1 0
11 2 0 11 2 0
27 3 0 27 3 0
27 1 0 27 1 0
20 8 0 20 8 0
28 5 0 28 5 0
13 5 0 13 5 0
17 5 0 17 5 0
15 6 0 15 6 0
27 3 0 27 3 0
28 15 0 28 15 0
18 1 0 18 1 0
29 4 0 29 4 0
17 1 0 17 1 0
25 1 0 25 1 0
25 13 0 25 13 0
30 13 0 30 13 0
25 9 0 25 9 0
13 1 0 13 1 0
24 3 0 24 3 0
16 7 0 16 7 0
10 4 0 10 4 0
