22 3 0 22 3 0
22 4 0 22 4 0
19 7 0 19 7 0
27 4 0 27 4 0
13 6 0 13 6 0
11 5 0 11 5 0
18 1 0 18 1 0
27 11 0 27 11 0
22 4 0 22 4 0
20 9 0 20 9 0
30 7 0 30 7 0
18 7 0 18 7 0
24 10 0 24 10 0
26 2 0 26 2 0
26 12 0 26 12 0
19 4 0 19 4 0
12 6 0 12 6 0
21 10 0 21 10 0
24 2 0 24 2 0
28 8 0 28 8 0
20 2 0 20 2 0
12 2 0 12 2 0
13 4 0 13 4 0
30 4 0 30 4 0
25 2 0 25 2 0
24 10 0 24 10 0
19 1 0 19 1 0
26 14 0 26 14 0
22 11 0 22 11 0
14 5 0 14 5 0
13 7 0 13 7 0
29 1 0 29 1 0
14 5 0 14 5 0
22 4 0 22 4 0
21 6 0 21 6 0
