16 9 0 16 9 0
30 10 0 30 10 0
30 10 0 30 10 0
27 2 0 27 2 0
29 10 0 29 10 0
11 1 0 11 1 0
23 8 0 23 8 0
15 6 0 15 6 0
11 2 0 11 2 0
16 3 0 16 3 0
20 6 0 20 6 0
14 4 0 14 4 0
27 5 0 27 5 0
26 13 0 26 13 0
30 10 0 30 10 0
13 2 0 13 2 0
29 11 0 29 11 0
13 7 0 13 7 0
24 7 0 24 7 0
29 2 0 29 2 0
11 3 0 11 3 0
24 4 0 24 4 0
17 4 0 17 4 0
13 6 0 13 6 0
20 10 0 20 10 0
13 3 0 13 3 0
19 9 0 19 9 0
11 1 0 11 1 0
29 10 0 29 10 0
20 10 0 20 10 0
27 5 0 27 5 0
11 1 0 11 1 0
29 4 0 29 4 0
24 4 0 24 4 0
23 3 0 23 3 0
22 2 0 22 2 0
29 14 0 29 14 0
