22 3 0 22 3 0
29 4 0 29 4 0
21 3 0 21 3 0
10 5 0 10 5 0
16 6 0 16 6 0
29 5 0 29 5 0
16 7 0 16 7 0
16 4 0 16 4 0
12 7 0 12 7 0
25 6 0 25 6 0
30 9 0 30 9 0
20 2 0 20 2 0
28 12 0 28 12 0
15 5 0 15 5 0
23 12 0 23 12 0
12 6 0 12 6 0
18 6 0 18 6 0
15 1 0 15 1 0
16 8 0 16 8 0
29 15 0 29 15 0
29 10 0 29 10 0
14 2 0 14 2 0
17 3 0 17 3 0
18 5 0 18 5 0
12 2 0 12 2 0
13 2 0 13 2 0
19 5 0 19 5 0
18 2 0 18 2 0
10 1 0 10 1 0
16 4 0 16 4 0
13 4 0 13 4 0
24 9 0 24 9 0
28 10 0 28 10 0
13 4 0 13 4 0
11 5 0 11 5 0
