15 2 0 15 2 0
14 8 0 14 8 0
17 5 0 17 5 0
11 4 0 11 4 0
17 6 0 17 6 0
13 5 0 13 5 0
13 3 0 13 3 0
13 2 0 13 2 0
15 1 0 15 1 0
26 3 0 26 3 0
27 6 0 27 6 0
29 12 0 29 12 0
12 6 0 12 6 0
22 2 0 22 2 0
13 5 0 13 5 0
30 5 0 30 5 0
11 6 0 11 6 0
22 2 0 22 2 0
29 1 0 29 1 0
25 12 0 25 12 0
17 3 0 17 3 0
22 12 0 22 12 0
19 5 0 19 5 0
17 3 0 17 3 0
26 4 0 26 4 0
19 4 0 19 4 0
12 4 0 12 4 0
26 8 0 26 8 0
19 3 0 19 3 0
24 1 0 24 1 0
14 1 0 14 1 0
14 5 0 14 5 0
17 3 0 17 3 0
22 12 0 22 12 0
25 9 0 25 9 0
23 7 0 23 7 0
25 6 0 25 6 0
