13 2 0 13 2 0
20 1 0 20 1 0
22 6 0 22 6 0
26 2 0 26 2 0
17 2 0 17 2 0
18 10 0 18 10 0
11 1 0 11 1 0
14 4 0 14 4 0
17 6 0 17 6 0
23 10 0 23 10 0
15 3 0 15 3 0
26 14 0 26 14 0
12 5 0 12 5 0
24 4 0 24 4 0
27 11 0 27 11 0
16 6 0 16 6 0
20 4 0 20 4 0
24 7 0 24 7 0
10 5 0 10 5 0
24 13 0 24 13 0
11 6 0 11 6 0
13 1 0 13 1 0
24 10 0 24 10 0
19 1 0 19 1 0
25 13 0 25 13 0
16 5 0 16 5 0
16 3 0 16 3 0
22 4 0 22 4 0
19 2 0 19 2 0
30 7 0 30 7 0
21 1 0 21 1 0
21 11 0 21 11 0
30 12 0 30 12 0
18 6 0 18 6 0
20 4 0 20 4 0
