25 4 0 25 4 0
21 1 0 21 1 0
15 2 0 15 2 0
21 1 0 21 1 0
27 12 0 27 12 0
16 6 0 16 6 0
11 5 0 11 5 0
17 4 0 17 4 0
28 7 0 28 7 0
22 10 0 22 10 0
27 12 0 27 12 0
12 3 0 12 3 0
27 12 0 27 12 0
22 10 0 22 10 0
17 3 0 17 3 0
12 7 0 12 7 0
15 3 0 15 3 0
13 4 0 13 4 0
24 6 0 24 6 0
27 7 0 27 7 0
18 10 0 18 10 0
18 10 0 18 10 0
15 4 0 15 4 0
12 2 0 12 2 0
11 3 0 11 3 0
26 8 0 26 8 0
22 9 0 22 9 0
17 8 0 17 8 0
30 7 0 30 7 0
10 1 0 10 1 0
17 2 0 17 2 0
26 2 0 26 2 0
20 8 0 20 8 0
30 1 0 30 1 0
23 7 0 23 7 0
