26 11 0 26 11 0
18 2 0 18 2 0
29 12 0 29 12 0
20 7 0 20 7 0
27 11 0 27 11 0
29 13 0 29 13 0
18 2 0 18 2 0
10 4 0 10 4 0
30 3 0 30 3 0
20 6 0 20 6 0
15 7 0 15 7 0
16 5 0 16 5 0
22 2 0 22 2 0
12 1 0 12 1 0
14 8 0 14 8 0
21 2 0 21 2 0
20 2 0 20 2 0
25 7 0 25 7 0
29 10 0 29 10 0
29 9 0 29 9 0
21 3 0 21 3 0
12 5 0 12 5 0
30 16 0 30 16 0
23 3 0 23 3 0
26 2 0 26 2 0
28 11 0 28 11 0
30 10 0 30 10 0
11 3 0 11 3 0
26 11 0 26 11 0
23 1 0 23 1 0
19 9 0 19 9 0
28 6 0 28 6 0
17 1 0 17 1 0
16 9 0 16 9 0
17 1 0 17 1 0
20 7 0 20 7 0
