17 6 0 17 6 0
19 3 0 19 3 0
24 5 0 24 5 0
13 1 0 13 1 0
27 14 0 27 14 0
12 6 0 12 6 0
11 5 0 11 5 0
16 5 0 16 5 0
16 1 0 16 1 0
29 1 0 29 1 0
24 9 0 24 9 0
14 2 0 14 2 0
23 1 0 23 1 0
26 2 0 26 2 0
26 11 0 26 11 0
30 15 0 30 15 0
23 3 0 23 3 0
24 1 0 24 1 0
15 8 0 15 8 0
25 2 0 25 2 0
26 3 0 26 3 0
17 4 0 17 4 0
16 9 0 16 9 0
30 1 0 30 1 0
26 8 0 26 8 0
17 1 0 17 1 0
23 2 0 23 2 0
19 7 0 19 7 0
10 6 0 10 6 0
10 2 0 10 2 0
18 6 0 18 6 0
24 12 0 24 12 0
20 5 0 20 5 0
30 16 0 30 16 0
12 7 0 12 7 0
15 6 0 15 6 0
