14 6 0 14 6 0
16 7 0 16 7 0
28 8 0 28 8 0
28 10 0 28 10 0
26 1 0 26 1 0
19 6 0 19 6 0
25 8 0 25 8 0
12 5 0 12 5 0
16 6 0 16 6 0
19 8 0 19 8 0
29 8 0 29 8 0
12 6 0 12 6 0
24 10 0 24 10 0
15 4 0 15 4 0
17 5 0 17 5 0
11 3 0 11 3 0
21 2 0 21 2 0
19 3 0 19 3 0
13 6 0 13 6 0
19 1 0 19 1 0
10 4 0 10 4 0
25 10 0 25 10 0
29 15 0 29 15 0
20 2 0 20 2 0
23 2 0 23 2 0
22 4 0 22 4 0
28 4 0 28 4 0
25 2 0 25 2 0
26 14 0 26 14 0
23 4 0 23 4 0
15 1 0 15 1 0
16 6 0 16 6 0
22 4 0 22 4 0
28 11 0 28 11 0
28 4 0 28 4 0
18 8 0 18 8 0
