29 1 0 29 1 0
26 10 0 26 10 0
28 11 0 28 11 0
14 7 0 14 7 0
18 8 0 18 8 0
21 3 0 21 3 0
12 2 0 12 2 0
13 3 0 13 3 0
26 5 0 26 5 0
14 4 0 14 4 0
11 3 0 11 3 0
16 1 0 16 1 0
23 5 0 23 5 0
23 4 0 23 4 0
26 6 0 26 6 0
10 2 0 10 2 0
11 4 0 11 4 0
28 4 0 28 4 0
13 2 0 13 2 0
22 11 0 22 11 0
25 4 0 25 4 0
11 4 0 11 4 0
20 3 0 20 3 0
18 4 0 18 4 0
18 8 0 18 8 0
19 2 0 19 2 0
14 5 0 14 5 0
30 5 0 30 5 0
10 2 0 10 2 0
21 2 0 21 2 0
27 14 0 27 14 0
21 3 0 21 3 0
13 4 0 13 4 0
23 12 0 23 12 0
15 4 0 15 4 0
14 5 0 14 5 0
10 5 0 10 5 0
30 12 0 30 12 0
