12 5 0 12 5 0
16 1 0 16 1 0
12 2 0 12 2 0
27 4 0 27 4 0
28 9 0 28 9 0
26 12 0 26 12 0
27 5 0 27 5 0
22 7 0 22 7 0
20 3 0 20 3 0
14 4 0 14 4 0
12 3 0 12 3 0
29 4 0 29 4 0
20 4 0 20 4 0
26 1 0 26 1 0
28 9 0 28 9 0
24 2 0 24 2 0
14 6 0 14 6 0
14 5 0 14 5 0
26 8 0 26 8 0
19 4 0 19 4 0
28 3 0 28 3 0
14 2 0 14 2 0
17 1 0 17 1 0
28 13 0 28 13 0
19 7 0 19 7 0
26 5 0 26 5 0
20 6 0 20 6 0
19 8 0 19 8 0
10 4 0 10 4 0
29 6 0 29 6 0
27 7 0 27 7 0
12 7 0 12 7 0
23 8 0 23 8 0
21 3 0 21 3 0
10 5 0 10 5 0
28 7 0 28 7 0
21 1 0 21 1 0
18 7 0 18 7 0
