29 12 0 29 12 0
23 9 0 23 9 0
13 4 0 13 4 0
30 4 0 30 4 0
20 5 0 20 5 0
20 10 0 20 10 0
29 7 0 29 7 0
28 9 0 28 9 0
29 14 0 29 14 0
11 3 0 11 3 0
24 10 0 24 10 0
26 10 0 26 10 0
12 2 0 12 2 0
15 2 0 15 2 0
18 3 0 18 3 0
21 1 0 21 1 0
12 1 0 12 1 0
12 4 0 12 4 0
16 4 0 16 4 0
16 1 0 16 1 0
13 1 0 13 1 0
30 6 0 30 6 0
26 4 0 26 4 0
23 3 0 23 3 0
22 9 0 22 9 0
28 3 0 28 3 0
28 14 0 28 14 0
27 12 0 27 12 0
24 8 0 24 8 0
26 5 0 26 5 0
21 1 0 21 1 0
12 3 0 12 3 0
25 13 0 25 13 0
17 8 0 17 8 0
12 4 0 12 4 0
18 8 0 18 8 0
19 2 0 19 2 0
