30 10 0 30 10 0
18 2 0 18 2 0
13 7 0 13 7 0
28 10 0 28 10 0
19 3 0 19 3 0
25 7 0 25 7 0
30 15 0 30 15 0
21 1 0 21 1 0
23 2 0 23 2 0
12 6 0 12 6 0
17 2 0 17 2 0
29 8 0 29 8 0
20 8 0 20 8 0
12 1 0 12 1 0
19 10 0 19 10 0
24 9 0 24 9 0
12 3 0 12 3 0
30 14 0 30 14 0
12 3 0 12 3 0
17 2 0 17 2 0
25 5 0 25 5 0
23 3 0 23 3 0
11 6 0 11 6 0
25 3 0 25 3 0
15 3 0 15 3 0
26 5 0 26 5 0
25 12 0 25 12 0
15 1 0 15 1 0
18 5 0 18 5 0
29 12 0 29 12 0
18 1 0 18 1 0
20 9 0 20 9 0
18 2 0 18 2 0
24 6 0 24 6 0
22 9 0 22 9 0
27 7 0 27 7 0
18 6 0 18 6 0
