19 6 0 19 6 0
23 1 0 23 1 0
10 3 0 10 3 0
26 14 0 26 14 0
18 5 0 18 5 0
30 11 0 30 11 0
30 10 0 30 10 0
19 5 0 19 5 0
27 3 0 27 3 0
15 6 0 15 6 0
20 9 0 20 9 0
21 6 0 21 6 0
20 7 0 20 7 0
18 8 0 18 8 0
24 5 0 24 5 0
15 5 0 15 5 0
10 2 0 10 2 0
19 2 0 19 2 0
14 4 0 14 4 0
29 2 0 29 2 0
26 2 0 26 2 0
25 7 0 25 7 0
21 9 0 21 9 0
23 1 0 23 1 0
11 2 0 11 2 0
19 6 0 19 6 0
25 3 0 25 3 0
30 5 0 30 5 0
30 5 0 30 5 0
21 5 0 21 5 0
22 8 0 22 8 0
19 7 0 19 7 0
22 5 0 22 5 0
12 4 0 12 4 0
22 7 0 22 7 0
13 1 0 13 1 0
11 2 0 11 2 0
11 4 0 11 4 0
16 7 0 16 7 0
