18 1 0 18 1 0
20 10 0 20 10 0
28 15 0 28 15 0
23 4 0 23 4 0
28 4 0 28 4 0
13 3 0 13 3 0
12 2 0 12 2 0
15 5 0 15 5 0
17 1 0 17 1 0
21 2 0 21 2 0
18 8 0 18 8 0
15 7 0 15 7 0
14 4 0 14 4 0
26 9 0 26 9 0
10 6 0 10 6 0
28 5 0 28 5 0
16 6 0 16 6 0
21 7 0 21 7 0
26 8 0 26 8 0
19 9 0 19 9 0
24 6 0 24 6 0
28 5 0 28 5 0
28 3 0 28 3 0
16 8 0 16 8 0
14 3 0 14 3 0
17 4 0 17 4 0
28 8 0 28 8 0
27 11 0 27 11 0
27 6 0 27 6 0
27 12 0 27 12 0
27 4 0 27 4 0
24 5 0 24 5 0
27 10 0 27 10 0
13 3 0 13 3 0
15 5 0 15 5 0
