13 3 0 13 3 0
27 14 0 27 14 0
29 15 0 29 15 0
24 4 0 24 4 0
27 11 0 27 11 0
24 4 0 24 4 0
25 3 0 25 3 0
26 8 0 26 8 0
19 9 0 19 9 0
26 7 0 26 7 0
22 7 0 22 7 0
15 6 0 15 6 0
11 5 0 11 5 0
27 1 0 27 1 0
17 2 0 17 2 0
28 2 0 28 2 0
12 1 0 12 1 0
25 4 0 25 4 0
20 2 0 20 2 0
20 10 0 20 10 0
20 4 0 20 4 0
29 4 0 29 4 0
23 3 0 23 3 0
21 11 0 21 11 0
13 3 0 13 3 0
22 4 0 22 4 0
10 1 0 10 1 0
29 5 0 29 5 0
14 5 0 14 5 0
10 4 0 10 4 0
15 6 0 15 6 0
19 2 0 19 2 0
23 8 0 23 8 0
23 11 0 23 11 0
10 2 0 10 2 0
29 2 0 29 2 0
11 5 0 11 5 0
20 4 0 20 4 0
