25 3 0 25 3 0
21 5 0 21 5 0
25 5 0 25 5 0
24 3 0 24 3 0
13 1 0 13 1 0
11 5 0 11 5 0
11 1 0 11 1 0
20 1 0 20 1 0
11 4 0 11 4 0
13 6 0 13 6 0
26 6 0 26 6 0
10 6 0 10 6 0
16 2 0 16 2 0
23 4 0 23 4 0
22 5 0 22 5 0
24 2 0 24 2 0
13 3 0 13 3 0
18 5 0 18 5 0
13 1 0 13 1 0
24 10 0 24 10 0
26 14 0 26 14 0
10 5 0 10 5 0
20 9 0 20 9 0
28 2 0 28 2 0
14 3 0 14 3 0
29 2 0 29 2 0
23 3 0 23 3 0
25 13 0 25 13 0
17 9 0 17 9 0
17 9 0 17 9 0
10 1 0 10 1 0
16 2 0 16 2 0
16 4 0 16 4 0
15 4 0 15 4 0
24 13 0 24 13 0
19 3 0 19 3 0
25 4 0 25 4 0
14 3 0 14 3 0
27 1 0 27 1 0
