27 11 0 27 11 0
19 7 0 19 7 0
10 3 0 10 3 0
14 7 0 14 7 0
25 3 0 25 3 0
26 1 0 26 1 0
30 5 0 30 5 0
24 6 0 24 6 0
17 5 0 17 5 0
27 9 0 27 9 0
13 6 0 13 6 0
24 10 0 24 10 0
17 6 0 17 6 0
14 4 0 14 4 0
29 9 0 29 9 0
21 6 0 21 6 0
26 9 0 26 9 0
25 4 0 25 4 0
20 9 0 20 9 0
14 8 0 14 8 0
30 2 0 30 2 0
13 2 0 13 2 0
26 1 0 26 1 0
10 3 0 10 3 0
12 1 0 12 1 0
22 2 0 22 2 0
24 3 0 24 3 0
28 4 0 28 4 0
19 10 0 19 10 0
28 15 0 28 15 0
11 1 0 11 1 0
14 6 0 14 6 0
29 10 0 29 10 0
23 3 0 23 3 0
14 1 0 14 1 0
14 5 0 14 5 0
23 7 0 23 7 0
