14 1 0 14 1 0
19 1 0 19 1 0
26 2 0 26 2 0
19 5 0 19 5 0
12 6 0 12 6 0
26 14 0 26 14 0
16 8 0 16 8 0
30 10 0 30 10 0
14 1 0 14 1 0
23 11 0 23 11 0
17 7 0 17 7 0
28 6 0 28 6 0
24 7 0 24 7 0
10 2 0 10 2 0
23 11 0 23 11 0
18 4 0 18 4 0
25 7 0 25 7 0
29 13 0 29 13 0
28 8 0 28 8 0
21 6 0 21 6 0
15 4 0 15 4 0
28 1 0 28 1 0
22 9 0 22 9 0
24 10 0 24 10 0
13 6 0 13 6 0
23 6 0 23 6 0
11 2 0 11 2 0
30 5 0 30 5 0
14 2 0 14 2 0
30 13 0 30 13 0
23 3 0 23 3 0
29 5 0 29 5 0
16 7 0 16 7 0
27 6 0 27 6 0
16 1 0 16 1 0
27 8 0 27 8 0
