16 6 0 16 6 0
28 12 0 28 12 0
17 7 0 17 7 0
13 1 0 13 1 0
22 5 0 22 5 0
21 3 0 21 3 0
11 3 0 11 3 0
13 1 0 13 1 0
23 5 0 23 5 0
14 2 0 14 2 0
12 7 0 12 7 0
14 1 0 14 1 0
27 5 0 27 5 0
18 8 0 18 8 0
21 5 0 21 5 0
24 13 0 24 13 0
11 1 0 11 1 0
30 9 0 30 9 0
11 4 0 11 4 0
23 1 0 23 1 0
28 10 0 28 10 0
11 4 0 11 4 0
11 2 0 11 2 0
17 1 0 17 1 0
30 8 0 30 8 0
18 7 0 18 7 0
24 6 0 24 6 0
19 6 0 19 6 0
12 2 0 12 2 0
14 7 0 14 7 0
19 1 0 19 1 0
20 10 0 20 10 0
21 11 0 21 11 0
16 7 0 16 7 0
10 5 0 10 5 0
