17 8 0 17 8 0
29 6 0 29 6 0
22 9 0 22 9 0
19 5 0 19 5 0
17 9 0 17 9 0
20 11 0 20 11 0
20 6 0 20 6 0
18 6 0 18 6 0
14 2 0 14 2 0
24 5 0 24 5 0
17 1 0 17 1 0
28 7 0 28 7 0
24 10 0 24 10 0
18 3 0 18 3 0
11 2 0 11 2 0
23 2 0 23 2 0
21 3 0 21 3 0
27 5 0 27 5 0
21 1 0 21 1 0
19 10 0 19 10 0
21 1 0 21 1 0
11 1 0 11 1 0
17 5 0 17 5 0
30 13 0 30 13 0
12 6 0 12 6 0
27 4 0 27 4 0
24 5 0 24 5 0
27 10 0 27 10 0
17 7 0 17 7 0
26 5 0 26 5 0
13 3 0 13 3 0
17 9 0 17 9 0
27 9 0 27 9 0
24 13 0 24 13 0
19 10 0 19 10 0
