27 2 0 27 2 0
26 5 0 26 5 0
16 4 0 16 4 0
14 5 0 14 5 0
29 14 0 29 14 0
13 3 0 13 3 0
16 2 0 16 2 0
30 10 0 30 10 0
10 1 0 10 1 0
27 3 0 27 3 0
15 8 0 15 8 0
30 11 0 30 11 0
17 1 0 17 1 0
29 3 0 29 3 0
10 3 0 10 3 0
14 2 0 14 2 0
22 7 0 22 7 0
21 11 0 21 11 0
15 2 0 15 2 0
12 7 0 12 7 0
26 7 0 26 7 0
12 6 0 12 6 0
15 5 0 15 5 0
26 4 0 26 4 0
17 9 0 17 9 0
17 3 0 17 3 0
28 12 0 28 12 0
21 8 0 21 8 0
22 11 0 22 11 0
21 10 0 21 10 0
14 1 0 14 1 0
23 5 0 23 5 0
30 5 0 30 5 0
20 8 0 20 8 0
13 4 0 13 4 0
