24 7 0 24 7 0
11 1 0 11 1 0
21 5 0 21 5 0
19 1 0 19 1 0
21 3 0 21 3 0
17 7 0 17 7 0
24 10 0 24 10 0
12 6 0 12 6 0
24 4 0 24 4 0
15 8 0 15 8 0
15 5 0 15 5 0
11 2 0 11 2 0
15 6 0 15 6 0
21 8 0 21 8 0
10 4 0 10 4 0
27 3 0 27 3 0
22 10 0 22 10 0
13 7 0 13 7 0
14 1 0 14 1 0
19 6 0 19 6 0
30 4 0 30 4 0
24 4 0 24 4 0
20 2 0 20 2 0
27 3 0 27 3 0
11 3 0 11 3 0
21 1 0 21 1 0
27 11 0 27 11 0
25 10 0 25 10 0
12 1 0 12 1 0
10 3 0 10 3 0
10 4 0 10 4 0
30 1 0 30 1 0
13 7 0 13 7 0
14 3 0 14 3 0
30 8 0 30 8 0
26 11 0 26 11 0
30 8 0 30 8 0
