15 8 0 15 8 0
11 3 0 11 3 0
12 4 0 12 4 0
16 5 0 16 5 0
17 5 0 17 5 0
22 3 0 22 3 0
20 2 0 20 2 0
12 5 0 12 5 0
20 7 0 20 7 0
27 1 0 27 1 0
10 2 0 10 2 0
21 4 0 21 4 0
14 4 0 14 4 0
21 7 0 21 7 0
12 6 0 12 6 0
30 15 0 30 15 0
29 1 0 29 1 0
16 4 0 16 4 0
26 14 0 26 14 0
27 4 0 27 4 0
10 2 0 10 2 0
19 3 0 19 3 0
29 10 0 29 10 0
18 5 0 18 5 0
30 4 0 30 4 0
10 2 0 10 2 0
15 5 0 15 5 0
26 5 0 26 5 0
14 1 0 14 1 0
29 9 0 29 9 0
28 12 0 28 12 0
12 3 0 12 3 0
16 3 0 16 3 0
26 3 0 26 3 0
29 3 0 29 3 0
16 9 0 16 9 0
27 8 0 27 8 0
29 9 0 29 9 0
