11 5 0 11 5 0
11 4 0 11 4 0
28 9 0 28 9 0
25 9 0 25 9 0
25 4 0 25 4 0
12 7 0 12 7 0
30 2 0 30 2 0
27 7 0 27 7 0
22 4 0 22 4 0
23 6 0 23 6 0
27 1 0 27 1 0
13 5 0 13 5 0
30 13 0 30 13 0
15 4 0 15 4 0
30 8 0 30 8 0
25 8 0 25 8 0
19 8 0 19 8 0
30 2 0 30 2 0
24 13 0 24 13 0
24 5 0 24 5 0
18 4 0 18 4 0
27 6 0 27 6 0
29 4 0 29 4 0
15 5 0 15 5 0
16 1 0 16 1 0
10 2 0 10 2 0
24 3 0 24 3 0
28 5 0 28 5 0
27 4 0 27 4 0
17 9 0 17 9 0
10 2 0 10 2 0
29 8 0 29 8 0
13 5 0 13 5 0
12 1 0 12 1 0
10 2 0 10 2 0
29 9 0 29 9 0
23 3 0 23 3 0
22 3 0 22 3 0
23 6 0 23 6 0
