28 15 0 28 15 0
27 1 0 27 1 0
11 3 0 11 3 0
21 2 0 21 2 0
29 8 0 29 8 0
21 9 0 21 9 0
16 6 0 16 6 0
21 5 0 21 5 0
11 1 0 11 1 0
27 2 0 27 2 0
13 2 0 13 2 0
28 12 0 28 12 0
10 3 0 10 3 0
21 6 0 21 6 0
10 4 0 10 4 0
19 7 0 19 7 0
11 2 0 11 2 0
12 3 0 12 3 0
17 9 0 17 9 0
23 5 0 23 5 0
16 1 0 16 1 0
22 1 0 22 1 0
13 6 0 13 6 0
17 9 0 17 9 0
17 2 0 17 2 0
29 1 0 29 1 0
11 3 0 11 3 0
21 1 0 21 1 0
22 8 0 22 8 0
12 1 0 12 1 0
10 4 0 10 4 0
13 7 0 13 7 0
28 5 0 28 5 0
10 5 0 10 5 0
29 5 0 29 5 0
17 9 0 17 9 0
11 1 0 11 1 0
18 7 0 18 7 0
