20 4 0 20 4 0
19 8 0 19 8 0
22 3 0 22 3 0
11 5 0 11 5 0
24 1 0 24 1 0
20 5 0 20 5 0
30 12 0 30 12 0
13 3 0 13 3 0
23 11 0 23 11 0
25 9 0 25 9 0
10 1 0 10 1 0
12 3 0 12 3 0
12 6 0 12 6 0
13 1 0 13 1 0
22 1 0 22 1 0
22 2 0 22 2 0
10 4 0 10 4 0
17 7 0 17 7 0
13 2 0 13 2 0
14 5 0 14 5 0
24 4 0 24 4 0
27 3 0 27 3 0
18 1 0 18 1 0
20 5 0 20 5 0
14 7 0 14 7 0
29 1 0 29 1 0
20 5 0 20 5 0
14 5 0 14 5 0
12 4 0 12 4 0
30 7 0 30 7 0
11 1 0 11 1 0
14 7 0 14 7 0
27 13 0 27 13 0
16 6 0 16 6 0
18 1 0 18 1 0
18 2 0 18 2 0
27 11 0 27 11 0
10 6 0 10 6 0
