26 10 0 26 10 0
24 3 0 24 3 0
19 2 0 19 2 0
10 4 0 10 4 0
10 2 0 10 2 0
27 9 0 27 9 0
18 6 0 18 6 0
30 16 0 30 16 0
21 3 0 21 3 0
20 8 0 20 8 0
25 9 0 25 9 0
13 2 0 13 2 0
10 6 0 10 6 0
18 9 0 18 9 0
13 6 0 13 6 0
17 6 0 17 6 0
23 2 0 23 2 0
24 5 0 24 5 0
13 4 0 13 4 0
25 3 0 25 3 0
19 1 0 19 1 0
18 8 0 18 8 0
14 7 0 14 7 0
23 3 0 23 3 0
28 8 0 28 8 0
24 7 0 24 7 0
11 2 0 11 2 0
17 2 0 17 2 0
23 2 0 23 2 0
30 4 0 30 4 0
26 9 0 26 9 0
24 13 0 24 13 0
24 6 0 24 6 0
26 3 0 26 3 0
10 4 0 10 4 0
22 4 0 22 4 0
