28 9 0 28 9 0
15 2 0 15 2 0
24 1 0 24 1 0
19 8 0 19 8 0
13 4 0 13 4 0
14 3 0 14 3 0
26 3 0 26 3 0
15 6 0 15 6 0
25 5 0 25 5 0
12 5 0 12 5 0
22 2 0 22 2 0
21 6 0 21 6 0
27 11 0 27 11 0
10 4 0 10 4 0
16 2 0 16 2 0
26 10 0 26 10 0
12 4 0 12 4 0
22 4 0 22 4 0
23 3 0 23 3 0
16 6 0 16 6 0
22 11 0 22 11 0
25 1 0 25 1 0
27 7 0 27 7 0
28 1 0 28 1 0
30 4 0 30 4 0
20 4 0 20 4 0
14 6 0 14 6 0
17 3 0 17 3 0
30 1 0 30 1 0
17 7 0 17 7 0
29 1 0 29 1 0
12 4 0 12 4 0
11 4 0 11 4 0
13 3 0 13 3 0
11 2 0 11 2 0
11 2 0 11 2 0
22 6 0 22 6 0
30 10 0 30 10 0
17 4 0 17 4 0
16 3 0 16 3 0
16 2 0 16 2 0
11 6 0 11 6 0
