16 2 0 16 2 0
24 5 0 24 5 0
18 5 0 18 5 0
17 7 0 17 7 0
28 6 0 28 6 0
10 4 0 10 4 0
28 4 0 28 4 0
11 3 0 11 3 0
17 6 0 17 6 0
11 4 0 11 4 0
13 4 0 13 4 0
29 13 0 29 13 0
16 6 0 16 6 0
24 2 0 24 2 0
29 5 0 29 5 0
13 4 0 13 4 0
28 15 0 28 15 0
23 3 0 23 3 0
18 5 0 18 5 0
16 1 0 16 1 0
22 10 0 22 10 0
25 9 0 25 9 0
21 2 0 21 2 0
20 7 0 20 7 0
28 9 0 28 9 0
24 6 0 24 6 0
11 3 0 11 3 0
10 6 0 10 6 0
30 13 0 30 13 0
20 10 0 20 10 0
28 5 0 28 5 0
18 4 0 18 4 0
21 5 0 21 5 0
19 2 0 19 2 0
23 1 0 23 1 0
26 10 0 26 10 0
