10 3 0 10 3 0
26 5 0 26 5 0
18 2 0 18 2 0
28 7 0 28 7 0
30 16 0 30 16 0
28 2 0 28 2 0
29 3 0 29 3 0
28 11 0 28 11 0
21 7 0 21 7 0
28 7 0 28 7 0
12 2 0 12 2 0
20 3 0 20 3 0
19 10 0 19 10 0
24 9 0 24 9 0
14 6 0 14 6 0
16 1 0 16 1 0
28 7 0 28 7 0
26 2 0 26 2 0
18 1 0 18 1 0
30 1 0 30 1 0
16 1 0 16 1 0
26 13 0 26 13 0
28 2 0 28 2 0
11 4 0 11 4 0
11 3 0 11 3 0
12 7 0 12 7 0
27 9 0 27 9 0
10 3 0 10 3 0
21 3 0 21 3 0
15 6 0 15 6 0
16 6 0 16 6 0
17 1 0 17 1 0
22 9 0 22 9 0
18 6 0 18 6 0
24 1 0 24 1 0
25 7 0 25 7 0
10 3 0 10 3 0
13 5 0 13 5 0
17 3 0 17 3 0
