11 4 0 11 4 0
20 2 0 20 2 0
27 3 0 27 3 0
12 7 0 12 7 0
23 4 0 23 4 0
25 4 0 25 4 0
30 6 0 30 6 0
30 15 0 30 15 0
15 2 0 15 2 0
12 6 0 12 6 0
13 5 0 13 5 0
16 1 0 16 1 0
25 4 0 25 4 0
26 8 0 26 8 0
28 14 0 28 14 0
25 5 0 25 5 0
22 2 0 22 2 0
30 4 0 30 4 0
24 13 0 24 13 0
26 5 0 26 5 0
18 4 0 18 4 0
22 12 0 22 12 0
18 4 0 18 4 0
27 3 0 27 3 0
27 14 0 27 14 0
28 2 0 28 2 0
13 4 0 13 4 0
13 2 0 13 2 0
30 9 0 30 9 0
27 2 0 27 2 0
10 1 0 10 1 0
23 6 0 23 6 0
17 3 0 17 3 0
22 3 0 22 3 0
26 9 0 26 9 0
21 11 0 21 11 0
30 11 0 30 11 0
30 13 0 30 13 0
