20 3 0 20 3 0
28 10 0 28 10 0
30 11 0 30 11 0
28 9 0 28 9 0
22 7 0 22 7 0
27 3 0 27 3 0
21 7 0 21 7 0
12 1 0 12 1 0
14 1 0 14 1 0
15 6 0 15 6 0
16 3 0 16 3 0
26 11 0 26 11 0
17 8 0 17 8 0
28 13 0 28 13 0
21 5 0 21 5 0
11 2 0 11 2 0
10 5 0 10 5 0
16 3 0 16 3 0
19 5 0 19 5 0
17 3 0 17 3 0
18 9 0 18 9 0
11 2 0 11 2 0
23 5 0 23 5 0
30 13 0 30 13 0
10 6 0 10 6 0
26 1 0 26 1 0
23 1 0 23 1 0
29 12 0 29 12 0
26 1 0 26 1 0
26 8 0 26 8 0
29 9 0 29 9 0
26 11 0 26 11 0
26 4 0 26 4 0
19 2 0 19 2 0
16 3 0 16 3 0
26 10 0 26 10 0
10 5 0 10 5 0
