20 5 0 20 5 0
15 8 0 15 8 0
27 13 0 27 13 0
11 5 0 11 5 0
28 15 0 28 15 0
27 7 0 27 7 0
21 4 0 21 4 0
21 5 0 21 5 0
18 7 0 18 7 0
24 5 0 24 5 0
16 6 0 16 6 0
16 3 0 16 3 0
18 5 0 18 5 0
18 8 0 18 8 0
11 1 0 11 1 0
18 5 0 18 5 0
22 3 0 22 3 0
23 12 0 23 12 0
15 1 0 15 1 0
21 9 0 21 9 0
29 1 0 29 1 0
24 2 0 24 2 0
18 2 0 18 2 0
20 9 0 20 9 0
23 9 0 23 9 0
19 8 0 19 8 0
26 1 0 26 1 0
13 1 0 13 1 0
14 2 0 14 2 0
15 7 0 15 7 0
30 5 0 30 5 0
22 12 0 22 12 0
28 6 0 28 6 0
26 6 0 26 6 0
24 6 0 24 6 0
20 6 0 20 6 0
