17 3 0 17 3 0
13 1 0 13 1 0
17 1 0 17 1 0
13 2 0 13 2 0
26 10 0 26 10 0
30 15 0 30 15 0
18 3 0 18 3 0
25 7 0 25 7 0
25 11 0 25 11 0
25 4 0 25 4 0
12 1 0 12 1 0
17 4 0 17 4 0
30 5 0 30 5 0
14 1 0 14 1 0
14 7 0 14 7 0
14 3 0 14 3 0
22 4 0 22 4 0
11 5 0 11 5 0
27 6 0 27 6 0
22 1 0 22 1 0
26 2 0 26 2 0
11 2 0 11 2 0
15 2 0 15 2 0
27 8 0 27 8 0
10 6 0 10 6 0
27 9 0 27 9 0
12 4 0 12 4 0
30 13 0 30 13 0
11 3 0 11 3 0
22 5 0 22 5 0
17 5 0 17 5 0
18 6 0 18 6 0
30 16 0 30 16 0
15 5 0 15 5 0
29 14 0 29 14 0
17 8 0 17 8 0
29 13 0 29 13 0
