26 6 0 26 6 0
17 4 0 17 4 0
20 8 0 20 8 0
29 8 0 29 8 0
15 2 0 15 2 0
10 2 0 10 2 0
28 6 0 28 6 0
23 7 0 23 7 0
25 11 0 25 11 0
13 2 0 13 2 0
12 4 0 12 4 0
14 1 0 14 1 0
23 10 0 23 10 0
24 12 0 24 12 0
26 4 0 26 4 0
23 2 0 23 2 0
18 6 0 18 6 0
30 5 0 30 5 0
23 11 0 23 11 0
18 2 0 18 2 0
19 3 0 19 3 0
15 5 0 15 5 0
27 1 0 27 1 0
24 12 0 24 12 0
27 2 0 27 2 0
27 4 0 27 4 0
24 4 0 24 4 0
21 9 0 21 9 0
11 2 0 11 2 0
22 12 0 22 12 0
10 6 0 10 6 0
19 5 0 19 5 0
22 4 0 22 4 0
11 6 0 11 6 0
11 1 0 11 1 0
28 13 0 28 13 0
19 6 0 19 6 0
