27 13 0 27 13 0
17 3 0 17 3 0
19 1 0 19 1 0
10 1 0 10 1 0
23 4 0 23 4 0
20 1 0 20 1 0
12 4 0 12 4 0
11 5 0 11 5 0
25 1 0 25 1 0
10 4 0 10 4 0
10 6 0 10 6 0
14 8 0 14 8 0
21 4 0 21 4 0
10 5 0 10 5 0
19 6 0 19 6 0
13 6 0 13 6 0
12 4 0 12 4 0
22 1 0 22 1 0
20 6 0 20 6 0
28 11 0 28 11 0
27 6 0 27 6 0
27 12 0 27 12 0
11 2 0 11 2 0
16 2 0 16 2 0
30 4 0 30 4 0
29 6 0 29 6 0
28 12 0 28 12 0
18 9 0 18 9 0
18 1 0 18 1 0
15 7 0 15 7 0
11 3 0 11 3 0
16 3 0 16 3 0
14 3 0 14 3 0
25 8 0 25 8 0
29 14 0 29 14 0
