30 8 0 30 8 0
27 13 0 27 13 0
14 4 0 14 4 0
15 1 0 15 1 0
26 11 0 26 11 0
10 2 0 10 2 0
21 3 0 21 3 0
16 1 0 16 1 0
11 1 0 11 1 0
27 14 0 27 14 0
10 5 0 10 5 0
28 6 0 28 6 0
10 1 0 10 1 0
16 8 0 16 8 0
20 1 0 20 1 0
23 5 0 23 5 0
14 8 0 14 8 0
15 4 0 15 4 0
27 4 0 27 4 0
25 7 0 25 7 0
14 1 0 14 1 0
12 3 0 12 3 0
27 7 0 27 7 0
10 3 0 10 3 0
18 4 0 18 4 0
30 4 0 30 4 0
10 2 0 10 2 0
14 5 0 14 5 0
19 3 0 19 3 0
25 8 0 25 8 0
16 3 0 16 3 0
30 12 0 30 12 0
20 10 0 20 10 0
28 11 0 28 11 0
28 7 0 28 7 0
26 9 0 26 9 0
13 1 0 13 1 0
11 2 0 11 2 0
12 4 0 12 4 0
