29 2 0 29 2 0
30 10 0 30 10 0
12 7 0 12 7 0
17 3 0 17 3 0
26 1 0 26 1 0
22 6 0 22 6 0
11 2 0 11 2 0
11 4 0 11 4 0
24 6 0 24 6 0
24 9 0 24 9 0
28 9 0 28 9 0
26 5 0 26 5 0
14 8 0 14 8 0
23 6 0 23 6 0
21 2 0 21 2 0
29 2 0 29 2 0
25 4 0 25 4 0
27 4 0 27 4 0
15 6 0 15 6 0
27 12 0 27 12 0
19 3 0 19 3 0
14 7 0 14 7 0
18 7 0 18 7 0
28 6 0 28 6 0
14 7 0 14 7 0
12 2 0 12 2 0
24 4 0 24 4 0
28 12 0 28 12 0
25 11 0 25 11 0
19 7 0 19 7 0
19 1 0 19 1 0
27 9 0 27 9 0
21 6 0 21 6 0
29 3 0 29 3 0
21 9 0 21 9 0
11 1 0 11 1 0
15 4 0 15 4 0
