27 9 0 27 9 0
22 1 0 22 1 0
23 2 0 23 2 0
26 1 0 26 1 0
23 2 0 23 2 0
21 9 0 21 9 0
10 3 0 10 3 0
18 9 0 18 9 0
23 3 0 23 3 0
25 9 0 25 9 0
24 1 0 24 1 0
13 4 0 13 4 0
17 1 0 17 1 0
15 5 0 15 5 0
23 11 0 23 11 0
27 7 0 27 7 0
28 10 0 28 10 0
22 7 0 22 7 0
28 11 0 28 11 0
16 5 0 16 5 0
15 4 0 15 4 0
26 2 0 26 2 0
11 1 0 11 1 0
15 8 0 15 8 0
15 4 0 15 4 0
22 6 0 22 6 0
14 4 0 14 4 0
23 5 0 23 5 0
15 3 0 15 3 0
16 9 0 16 9 0
28 11 0 28 11 0
21 5 0 21 5 0
12 3 0 12 3 0
19 2 0 19 2 0
20 8 0 20 8 0
16 4 0 16 4 0
22 7 0 22 7 0
28 13 0 28 13 0
