16 4 0 16 4 0
10 2 0 10 2 0
21 11 0 21 11 0
28 14 0 28 14 0
16 8 0 16 8 0
13 4 0 13 4 0
16 2 0 16 2 0
26 11 0 26 11 0
25 11 0 25 11 0
21 7 0 21 7 0
17 2 0 17 2 0
22 12 0 22 12 0
12 1 0 12 1 0
25 8 0 25 8 0
15 6 0 15 6 0
30 2 0 30 2 0
21 3 0 21 3 0
24 4 0 24 4 0
15 6 0 15 6 0
26 7 0 26 7 0
22 12 0 22 12 0
25 6 0 25 6 0
26 13 0 26 13 0
17 1 0 17 1 0
25 13 0 25 13 0
29 7 0 29 7 0
30 7 0 30 7 0
19 3 0 19 3 0
10 2 0 10 2 0
29 4 0 29 4 0
19 4 0 19 4 0
22 4 0 22 4 0
23 3 0 23 3 0
20 2 0 20 2 0
24 1 0 24 1 0
15 7 0 15 7 0
