23 4 0 23 4 0
18 8 0 18 8 0
26 14 0 26 14 0
10 4 0 10 4 0
24 8 0 24 8 0
23 5 0 23 5 0
19 7 0 19 7 0
29 13 0 29 13 0
11 3 0 11 3 0
30 6 0 30 6 0
27 10 0 27 10 0
26 3 0 26 3 0
19 1 0 19 1 0
24 8 0 24 8 0
18 7 0 18 7 0
30 1 0 30 1 0
24 2 0 24 2 0
11 3 0 11 3 0
17 3 0 17 3 0
23 8 0 23 8 0
16 8 0 16 8 0
28 4 0 28 4 0
13 6 0 13 6 0
22 2 0 22 2 0
12 1 0 12 1 0
15 6 0 15 6 0
27 10 0 27 10 0
20 5 0 20 5 0
11 1 0 11 1 0
11 1 0 11 1 0
12 6 0 12 6 0
13 2 0 13 2 0
13 6 0 13 6 0
15 8 0 15 8 0
30 1 0 30 1 0
11 2 0 11 2 0
10 5 0 10 5 0
