30 6 0 30 6 0
17 8 0 17 8 0
12 2 0 12 2 0
13 3 0 13 3 0
15 4 0 15 4 0
17 5 0 17 5 0
27 6 0 27 6 0
20 4 0 20 4 0
27 8 0 27 8 0
27 12 0 27 12 0
17 2 0 17 2 0
15 1 0 15 1 0
20 6 0 20 6 0
25 11 0 25 11 0
26 2 0 26 2 0
28 14 0 28 14 0
19 2 0 19 2 0
12 4 0 12 4 0
18 4 0 18 4 0
14 1 0 14 1 0
18 6 0 18 6 0
14 5 0 14 5 0
16 5 0 16 5 0
18 2 0 18 2 0
18 7 0 18 7 0
21 10 0 21 10 0
28 3 0 28 3 0
29 6 0 29 6 0
21 3 0 21 3 0
18 8 0 18 8 0
30 9 0 30 9 0
30 14 0 30 14 0
24 13 0 24 13 0
28 7 0 28 7 0
20 2 0 20 2 0
27 9 0 27 9 0
21 7 0 21 7 0
