19 5 0 19 5 0
17 6 0 17 6 0
11 4 0 11 4 0
14 7 0 14 7 0
23 11 0 23 11 0
28 8 0 28 8 0
23 7 0 23 7 0
24 4 0 24 4 0
19 1 0 19 1 0
25 9 0 25 9 0
15 6 0 15 6 0
28 5 0 28 5 0
11 4 0 11 4 0
22 8 0 22 8 0
22 3 0 22 3 0
12 3 0 12 3 0
13 3 0 13 3 0
28 3 0 28 3 0
11 5 0 11 5 0
22 9 0 22 9 0
25 6 0 25 6 0
26 6 0 26 6 0
14 4 0 14 4 0
16 5 0 16 5 0
24 11 0 24 11 0
27 3 0 27 3 0
15 4 0 15 4 0
27 6 0 27 6 0
16 7 0 16 7 0
18 2 0 18 2 0
29 1 0 29 1 0
24 3 0 24 3 0
15 4 0 15 4 0
12 5 0 12 5 0
29 7 0 29 7 0
29 11 0 29 11 0
