15 3 0 15 3 0
21 7 0 21 7 0
22 7 0 22 7 0
12 1 0 12 1 0
25 8 0 25 8 0
19 9 0 19 9 0
28 6 0 28 6 0
28 14 0 28 14 0
18 1 0 18 1 0
23 3 0 23 3 0
10 2 0 10 2 0
19 3 0 19 3 0
15 4 0 15 4 0
22 7 0 22 7 0
27 2 0 27 2 0
10 3 0 10 3 0
14 7 0 14 7 0
30 8 0 30 8 0
24 11 0 24 11 0
14 1 0 14 1 0
18 5 0 18 5 0
11 6 0 11 6 0
13 7 0 13 7 0
25 8 0 25 8 0
18 5 0 18 5 0
23 9 0 23 9 0
30 2 0 30 2 0
15 1 0 15 1 0
27 7 0 27 7 0
26 12 0 26 12 0
12 4 0 12 4 0
26 11 0 26 11 0
24 8 0 24 8 0
19 3 0 19 3 0
27 4 0 27 4 0
26 7 0 26 7 0
