24 13 0 24 13 0
13 2 0 13 2 0
12 3 0 12 3 0
30 12 0 30 12 0
21 6 0 21 6 0
24 6 0 24 6 0
21 3 0 21 3 0
13 6 0 13 6 0
29 15 0 29 15 0
14 6 0 14 6 0
26 6 0 26 6 0
26 12 0 26 12 0
14 2 0 14 2 0
16 8 0 16 8 0
25 9 0 25 9 0
20 1 0 20 1 0
21 2 0 21 2 0
23 10 0 23 10 0
12 5 0 12 5 0
21 4 0 21 4 0
12 1 0 12 1 0
15 6 0 15 6 0
17 5 0 17 5 0
11 2 0 11 2 0
24 4 0 24 4 0
10 4 0 10 4 0
20 3 0 20 3 0
14 7 0 14 7 0
24 1 0 24 1 0
28 13 0 28 13 0
30 9 0 30 9 0
18 5 0 18 5 0
13 2 0 13 2 0
23 3 0 23 3 0
15 1 0 15 1 0
18 6 0 18 6 0
