30 14 0 30 14 0
10 3 0 10 3 0
20 2 0 20 2 0
23 2 0 23 2 0
10 5 0 10 5 0
21 11 0 21 11 0
15 4 0 15 4 0
13 3 0 13 3 0
16 5 0 16 5 0
17 7 0 17 7 0
11 2 0 11 2 0
27 7 0 27 7 0
27 2 0 27 2 0
22 6 0 22 6 0
10 3 0 10 3 0
25 7 0 25 7 0
14 3 0 14 3 0
19 4 0 19 4 0
25 4 0 25 4 0
15 8 0 15 8 0
22 4 0 22 4 0
13 3 0 13 3 0
22 9 0 22 9 0
23 7 0 23 7 0
21 1 0 21 1 0
30 5 0 30 5 0
10 4 0 10 4 0
21 2 0 21 2 0
10 1 0 10 1 0
12 5 0 12 5 0
26 2 0 26 2 0
21 7 0 21 7 0
16 8 0 16 8 0
30 14 0 30 14 0
24 2 0 24 2 0
24 10 0 24 10 0
28 9 0 28 9 0
