11 1 0 11 1 0
18 3 0 18 3 0
17 9 0 17 9 0
13 2 0 13 2 0
11 1 0 11 1 0
20 9 0 20 9 0
17 3 0 17 3 0
15 8 0 15 8 0
16 8 0 16 8 0
20 4 0 20 4 0
20 9 0 20 9 0
24 9 0 24 9 0
25 1 0 25 1 0
15 2 0 15 2 0
26 1 0 26 1 0
28 7 0 28 7 0
24 11 0 24 11 0
28 5 0 28 5 0
21 3 0 21 3 0
21 7 0 21 7 0
25 5 0 25 5 0
22 7 0 22 7 0
25 11 0 25 11 0
24 13 0 24 13 0
17 9 0 17 9 0
23 2 0 23 2 0
11 4 0 11 4 0
15 1 0 15 1 0
21 6 0 21 6 0
20 5 0 20 5 0
22 4 0 22 4 0
27 5 0 27 5 0
12 5 0 12 5 0
28 2 0 28 2 0
24 13 0 24 13 0
26 11 0 26 11 0
