12 5 0 12 5 0
19 4 0 19 4 0
23 5 0 23 5 0
12 3 0 12 3 0
30 6 0 30 6 0
18 10 0 18 10 0
19 1 0 19 1 0
11 1 0 11 1 0
14 4 0 14 4 0
20 10 0 20 10 0
24 8 0 24 8 0
14 5 0 14 5 0
25 1 0 25 1 0
30 6 0 30 6 0
10 6 0 10 6 0
21 11 0 21 11 0
22 3 0 22 3 0
18 1 0 18 1 0
25 1 0 25 1 0
12 4 0 12 4 0
24 6 0 24 6 0
21 10 0 21 10 0
21 2 0 21 2 0
29 15 0 29 15 0
30 5 0 30 5 0
21 1 0 21 1 0
27 9 0 27 9 0
22 8 0 22 8 0
17 1 0 17 1 0
23 11 0 23 11 0
16 9 0 16 9 0
14 4 0 14 4 0
27 11 0 27 11 0
26 3 0 26 3 0
21 4 0 21 4 0
15 4 0 15 4 0
