30 13 0 30 13 0
12 2 0 12 2 0
26 13 0 26 13 0
22 10 0 22 10 0
19 5 0 19 5 0
20 2 0 20 2 0
16 7 0 16 7 0
12 2 0 12 2 0
17 8 0 17 8 0
13 2 0 13 2 0
26 5 0 26 5 0
28 13 0 28 13 0
18 6 0 18 6 0
18 5 0 18 5 0
29 8 0 29 8 0
19 8 0 19 8 0
18 2 0 18 2 0
11 2 0 11 2 0
21 1 0 21 1 0
26 2 0 26 2 0
25 3 0 25 3 0
11 4 0 11 4 0
30 3 0 30 3 0
13 4 0 13 4 0
25 10 0 25 10 0
29 15 0 29 15 0
23 11 0 23 11 0
21 10 0 21 10 0
26 1 0 26 1 0
19 4 0 19 4 0
22 10 0 22 10 0
29 4 0 29 4 0
11 6 0 11 6 0
28 1 0 28 1 0
21 1 0 21 1 0
30 1 0 30 1 0
11 1 0 11 1 0
25 4 0 25 4 0
