18 6 0 18 6 0
13 5 0 13 5 0
10 4 0 10 4 0
23 5 0 23 5 0
13 4 0 13 4 0
14 1 0 14 1 0
23 6 0 23 6 0
18 3 0 18 3 0
18 7 0 18 7 0
30 3 0 30 3 0
28 9 0 28 9 0
25 4 0 25 4 0
10 5 0 10 5 0
10 2 0 10 2 0
15 5 0 15 5 0
22 3 0 22 3 0
11 6 0 11 6 0
23 11 0 23 11 0
13 1 0 13 1 0
18 1 0 18 1 0
15 6 0 15 6 0
17 4 0 17 4 0
30 4 0 30 4 0
27 5 0 27 5 0
10 3 0 10 3 0
24 9 0 24 9 0
15 4 0 15 4 0
16 4 0 16 4 0
17 8 0 17 8 0
16 5 0 16 5 0
17 1 0 17 1 0
27 13 0 27 13 0
15 2 0 15 2 0
26 9 0 26 9 0
26 1 0 26 1 0
30 16 0 30 16 0
29 1 0 29 1 0
24 12 0 24 12 0
