28 2 0 28 2 0
11 2 0 11 2 0
22 4 0 22 4 0
14 2 0 14 2 0
24 1 0 24 1 0
11 3 0 11 3 0
14 1 0 14 1 0
24 13 0 24 13 0
10 4 0 10 4 0
15 3 0 15 3 0
19 3 0 19 3 0
20 10 0 20 10 0
27 10 0 27 10 0
29 7 0 29 7 0
14 8 0 14 8 0
25 7 0 25 7 0
15 6 0 15 6 0
24 4 0 24 4 0
29 5 0 29 5 0
28 9 0 28 9 0
27 1 0 27 1 0
27 1 0 27 1 0
26 13 0 26 13 0
17 1 0 17 1 0
21 2 0 21 2 0
26 8 0 26 8 0
11 3 0 11 3 0
17 7 0 17 7 0
18 4 0 18 4 0
24 10 0 24 10 0
28 6 0 28 6 0
17 2 0 17 2 0
17 4 0 17 4 0
17 2 0 17 2 0
25 5 0 25 5 0
17 4 0 17 4 0
28 1 0 28 1 0
22 10 0 22 10 0
15 4 0 15 4 0
28 15 0 28 15 0
