29 13 0 29 13 0
30 5 0 30 5 0
25 4 0 25 4 0
23 6 0 23 6 0
22 3 0 22 3 0
17 2 0 17 2 0
11 4 0 11 4 0
13 3 0 13 3 0
19 4 0 19 4 0
18 8 0 18 8 0
12 1 0 12 1 0
24 3 0 24 3 0
14 3 0 14 3 0
23 10 0 23 10 0
28 9 0 28 9 0
21 5 0 21 5 0
11 6 0 11 6 0
22 9 0 22 9 0
23 3 0 23 3 0
23 10 0 23 10 0
14 2 0 14 2 0
29 11 0 29 11 0
15 3 0 15 3 0
10 5 0 10 5 0
27 1 0 27 1 0
14 1 0 14 1 0
13 3 0 13 3 0
20 10 0 20 10 0
13 3 0 13 3 0
28 14 0 28 14 0
23 12 0 23 12 0
11 5 0 11 5 0
29 14 0 29 14 0
13 2 0 13 2 0
10 6 0 10 6 0
