12 2 0 12 2 0
18 8 0 18 8 0
11 1 0 11 1 0
29 7 0 29 7 0
22 7 0 22 7 0
19 7 0 19 7 0
19 6 0 19 6 0
19 1 0 19 1 0
25 2 0 25 2 0
18 2 0 18 2 0
17 2 0 17 2 0
21 1 0 21 1 0
21 10 0 21 10 0
30 1 0 30 1 0
16 1 0 16 1 0
25 1 0 25 1 0
17 7 0 17 7 0
16 5 0 16 5 0
17 2 0 17 2 0
19 10 0 19 10 0
21 4 0 21 4 0
30 15 0 30 15 0
22 1 0 22 1 0
26 11 0 26 11 0
30 2 0 30 2 0
12 2 0 12 2 0
27 13 0 27 13 0
25 9 0 25 9 0
26 10 0 26 10 0
28 4 0 28 4 0
23 7 0 23 7 0
19 4 0 19 4 0
16 3 0 16 3 0
21 10 0 21 10 0
19 4 0 19 4 0
25 7 0 25 7 0
16 1 0 16 1 0
20 10 0 20 10 0
21 1 0 21 1 0
15 4 0 15 4 0
22 1 0 22 1 0
29 15 0 29 15 0
