22 1 0 22 1 0
18 4 0 18 4 0
25 9 0 25 9 0
30 9 0 30 9 0
26 9 0 26 9 0
28 8 0 28 8 0
24 2 0 24 2 0
14 5 0 14 5 0
14 6 0 14 6 0
22 11 0 22 11 0
29 2 0 29 2 0
25 1 0 25 1 0
26 7 0 26 7 0
24 5 0 24 5 0
30 2 0 30 2 0
27 3 0 27 3 0
21 8 0 21 8 0
17 8 0 17 8 0
29 4 0 29 4 0
21 6 0 21 6 0
14 4 0 14 4 0
19 6 0 19 6 0
26 4 0 26 4 0
16 7 0 16 7 0
18 3 0 18 3 0
14 4 0 14 4 0
27 6 0 27 6 0
23 2 0 23 2 0
15 5 0 15 5 0
29 13 0 29 13 0
13 3 0 13 3 0
18 2 0 18 2 0
17 6 0 17 6 0
21 10 0 21 10 0
11 6 0 11 6 0
26 2 0 26 2 0
24 4 0 24 4 0
17 5 0 17 5 0
27 7 0 27 7 0
