16 5 0 16 5 0
24 6 0 24 6 0
17 2 0 17 2 0
23 1 0 23 1 0
29 12 0 29 12 0
10 6 0 10 6 0
25 13 0 25 13 0
11 3 0 11 3 0
15 2 0 15 2 0
23 3 0 23 3 0
21 3 0 21 3 0
13 4 0 13 4 0
27 8 0 27 8 0
28 3 0 28 3 0
14 5 0 14 5 0
28 2 0 28 2 0
15 5 0 15 5 0
29 4 0 29 4 0
13 5 0 13 5 0
13 1 0 13 1 0
28 10 0 28 10 0
18 9 0 18 9 0
26 9 0 26 9 0
28 15 0 28 15 0
30 16 0 30 16 0
24 3 0 24 3 0
22 1 0 22 1 0
11 2 0 11 2 0
20 1 0 20 1 0
15 6 0 15 6 0
22 8 0 22 8 0
29 13 0 29 13 0
19 4 0 19 4 0
11 3 0 11 3 0
20 11 0 20 11 0
30 7 0 30 7 0
