22 2 0 22 2 0
17 7 0 17 7 0
11 4 0 11 4 0
24 7 0 24 7 0
10 2 0 10 2 0
27 11 0 27 11 0
29 10 0 29 10 0
18 2 0 18 2 0
15 8 0 15 8 0
30 8 0 30 8 0
25 7 0 25 7 0
16 4 0 16 4 0
24 13 0 24 13 0
21 11 0 21 11 0
26 3 0 26 3 0
18 8 0 18 8 0
14 1 0 14 1 0
14 6 0 14 6 0
24 2 0 24 2 0
14 7 0 14 7 0
20 4 0 20 4 0
21 5 0 21 5 0
23 2 0 23 2 0
10 5 0 10 5 0
20 6 0 20 6 0
20 9 0 20 9 0
20 5 0 20 5 0
24 5 0 24 5 0
28 1 0 28 1 0
19 2 0 19 2 0
15 5 0 15 5 0
22 1 0 22 1 0
19 8 0 19 8 0
29 11 0 29 11 0
15 6 0 15 6 0
