20 5 0 20 5 0
22 2 0 22 2 0
11 5 0 11 5 0
24 4 0 24 4 0
10 3 0 10 3 0
25 6 0 25 6 0
14 1 0 14 1 0
29 12 0 29 12 0
21 6 0 21 6 0
17 4 0 17 4 0
14 2 0 14 2 0
11 3 0 11 3 0
12 5 0 12 5 0
10 4 0 10 4 0
11 6 0 11 6 0
12 3 0 12 3 0
28 6 0 28 6 0
11 5 0 11 5 0
13 2 0 13 2 0
25 11 0 25 11 0
22 2 0 22 2 0
26 14 0 26 14 0
25 10 0 25 10 0
20 1 0 20 1 0
23 5 0 23 5 0
12 7 0 12 7 0
25 9 0 25 9 0
14 3 0 14 3 0
23 7 0 23 7 0
13 1 0 13 1 0
27 9 0 27 9 0
30 15 0 30 15 0
25 1 0 25 1 0
29 13 0 29 13 0
15 2 0 15 2 0
