12 4 0 12 4 0
24 12 0 24 12 0
27 9 0 27 9 0
11 5 0 11 5 0
26 9 0 26 9 0
18 10 0 18 10 0
26 3 0 26 3 0
10 2 0 10 2 0
29 7 0 29 7 0
12 3 0 12 3 0
13 2 0 13 2 0
25 1 0 25 1 0
22 3 0 22 3 0
22 9 0 22 9 0
29 9 0 29 9 0
11 2 0 11 2 0
24 8 0 24 8 0
21 1 0 21 1 0
24 3 0 24 3 0
27 1 0 27 1 0
11 3 0 11 3 0
16 8 0 16 8 0
19 5 0 19 5 0
26 14 0 26 14 0
27 1 0 27 1 0
21 2 0 21 2 0
15 4 0 15 4 0
14 5 0 14 5 0
30 7 0 30 7 0
29 10 0 29 10 0
11 1 0 11 1 0
27 7 0 27 7 0
28 13 0 28 13 0
11 5 0 11 5 0
30 2 0 30 2 0
23 3 0 23 3 0
13 5 0 13 5 0
21 9 0 21 9 0
