28 8 0 28 8 0
16 3 0 16 3 0
18 3 0 18 3 0
21 3 0 21 3 0
27 10 0 27 10 0
29 1 0 29 1 0
20 5 0 20 5 0
29 15 0 29 15 0
23 7 0 23 7 0
13 7 0 13 7 0
21 3 0 21 3 0
30 9 0 30 9 0
26 9 0 26 9 0
10 4 0 10 4 0
18 7 0 18 7 0
24 6 0 24 6 0
20 4 0 20 4 0
14 5 0 14 5 0
24 5 0 24 5 0
19 5 0 19 5 0
13 5 0 13 5 0
21 5 0 21 5 0
11 2 0 11 2 0
18 7 0 18 7 0
19 4 0 19 4 0
14 8 0 14 8 0
16 3 0 16 3 0
11 3 0 11 3 0
25 1 0 25 1 0
26 9 0 26 9 0
14 4 0 14 4 0
10 1 0 10 1 0
12 7 0 12 7 0
26 4 0 26 4 0
21 7 0 21 7 0
12 2 0 12 2 0
