30 5 0 30 5 0
11 2 0 11 2 0
17 6 0 17 6 0
26 6 0 26 6 0
20 3 0 20 3 0
26 12 0 26 12 0
10 4 0 10 4 0
17 8 0 17 8 0
30 3 0 30 3 0
30 2 0 30 2 0
17 3 0 17 3 0
28 3 0 28 3 0
14 4 0 14 4 0
11 3 0 11 3 0
27 2 0 27 2 0
26 13 0 26 13 0
24 3 0 24 3 0
27 8 0 27 8 0
15 1 0 15 1 0
10 5 0 10 5 0
18 7 0 18 7 0
19 7 0 19 7 0
24 13 0 24 13 0
27 8 0 27 8 0
13 1 0 13 1 0
13 5 0 13 5 0
13 3 0 13 3 0
19 3 0 19 3 0
30 14 0 30 14 0
20 5 0 20 5 0
19 1 0 19 1 0
27 12 0 27 12 0
13 4 0 13 4 0
29 4 0 29 4 0
29 11 0 29 11 0
29 15 0 29 15 0
24 2 0 24 2 0
