12 2 0 12 2 0
20 7 0 20 7 0
12 2 0 12 2 0
13 6 0 13 6 0
19 3 0 19 3 0
27 2 0 27 2 0
25 2 0 25 2 0
28 15 0 28 15 0
18 7 0 18 7 0
24 8 0 24 8 0
30 11 0 30 11 0
29 4 0 29 4 0
29 4 0 29 4 0
28 3 0 28 3 0
22 10 0 22 10 0
20 4 0 20 4 0
15 5 0 15 5 0
20 4 0 20 4 0
11 5 0 11 5 0
27 14 0 27 14 0
28 8 0 28 8 0
23 6 0 23 6 0
24 3 0 24 3 0
11 2 0 11 2 0
17 5 0 17 5 0
25 13 0 25 13 0
10 3 0 10 3 0
23 7 0 23 7 0
19 6 0 19 6 0
29 13 0 29 13 0
23 10 0 23 10 0
14 2 0 14 2 0
13 5 0 13 5 0
17 4 0 17 4 0
22 7 0 22 7 0
