10 5 0 10 5 0
25 8 0 25 8 0
27 13 0 27 13 0
11 2 0 11 2 0
25 2 0 25 2 0
22 12 0 22 12 0
30 13 0 30 13 0
27 4 0 27 4 0
20 1 0 20 1 0
12 7 0 12 7 0
27 2 0 27 2 0
13 5 0 13 5 0
15 8 0 15 8 0
13 1 0 13 1 0
15 6 0 15 6 0
28 1 0 28 1 0
13 5 0 13 5 0
13 7 0 13 7 0
26 2 0 26 2 0
16 4 0 16 4 0
11 4 0 11 4 0
17 3 0 17 3 0
18 8 0 18 8 0
29 3 0 29 3 0
19 9 0 19 9 0
16 2 0 16 2 0
21 1 0 21 1 0
14 1 0 14 1 0
30 12 0 30 12 0
10 3 0 10 3 0
27 4 0 27 4 0
26 3 0 26 3 0
15 6 0 15 6 0
23 2 0 23 2 0
13 1 0 13 1 0
13 3 0 13 3 0
11 1 0 11 1 0
11 1 0 11 1 0
22 5 0 22 5 0
