23 9 0 23 9 0
11 6 0 11 6 0
22 3 0 22 3 0
29 9 0 29 9 0
21 7 0 21 7 0
10 4 0 10 4 0
13 2 0 13 2 0
12 1 0 12 1 0
21 3 0 21 3 0
28 5 0 28 5 0
13 1 0 13 1 0
13 4 0 13 4 0
18 7 0 18 7 0
20 4 0 20 4 0
21 4 0 21 4 0
29 7 0 29 7 0
16 6 0 16 6 0
19 8 0 19 8 0
27 6 0 27 6 0
13 2 0 13 2 0
15 6 0 15 6 0
12 1 0 12 1 0
21 11 0 21 11 0
29 11 0 29 11 0
21 6 0 21 6 0
17 7 0 17 7 0
20 10 0 20 10 0
29 3 0 29 3 0
21 6 0 21 6 0
18 2 0 18 2 0
26 4 0 26 4 0
27 5 0 27 5 0
20 4 0 20 4 0
14 1 0 14 1 0
26 6 0 26 6 0
22 12 0 22 12 0
27 14 0 27 14 0
