23 11 0 23 11 0
30 14 0 30 14 0
29 1 0 29 1 0
27 12 0 27 12 0
19 9 0 19 9 0
12 7 0 12 7 0
24 9 0 24 9 0
11 6 0 11 6 0
18 9 0 18 9 0
20 4 0 20 4 0
29 5 0 29 5 0
27 4 0 27 4 0
30 3 0 30 3 0
17 4 0 17 4 0
19 7 0 19 7 0
19 3 0 19 3 0
18 1 0 18 1 0
29 7 0 29 7 0
15 1 0 15 1 0
12 6 0 12 6 0
25 2 0 25 2 0
21 5 0 21 5 0
30 5 0 30 5 0
16 3 0 16 3 0
29 14 0 29 14 0
30 8 0 30 8 0
14 3 0 14 3 0
19 10 0 19 10 0
17 7 0 17 7 0
10 1 0 10 1 0
21 10 0 21 10 0
12 1 0 12 1 0
13 3 0 13 3 0
17 6 0 17 6 0
23 1 0 23 1 0
