15 1 0 15 1 0
27 2 0 27 2 0
21 1 0 21 1 0
10 6 0 10 6 0
26 4 0 26 4 0
25 11 0 25 11 0
27 1 0 27 1 0
18 3 0 18 3 0
24 8 0 24 8 0
17 1 0 17 1 0
11 4 0 11 4 0
29 13 0 29 13 0
14 1 0 14 1 0
24 8 0 24 8 0
14 7 0 14 7 0
10 6 0 10 6 0
24 2 0 24 2 0
20 3 0 20 3 0
26 10 0 26 10 0
26 5 0 26 5 0
13 3 0 13 3 0
27 14 0 27 14 0
11 2 0 11 2 0
16 1 0 16 1 0
29 7 0 29 7 0
24 9 0 24 9 0
23 6 0 23 6 0
19 3 0 19 3 0
12 3 0 12 3 0
26 9 0 26 9 0
25 12 0 25 12 0
23 6 0 23 6 0
23 9 0 23 9 0
29 1 0 29 1 0
13 6 0 13 6 0
16 4 0 16 4 0
25 12 0 25 12 0
