17 3 0 17 3 0
10 6 0 10 6 0
17 9 0 17 9 0
14 2 0 14 2 0
24 9 0 24 9 0
14 6 0 14 6 0
27 6 0 27 6 0
20 6 0 20 6 0
12 3 0 12 3 0
22 9 0 22 9 0
19 3 0 19 3 0
25 2 0 25 2 0
22 2 0 22 2 0
25 9 0 25 9 0
26 5 0 26 5 0
30 15 0 30 15 0
15 3 0 15 3 0
11 1 0 11 1 0
13 2 0 13 2 0
25 2 0 25 2 0
20 3 0 20 3 0
13 2 0 13 2 0
22 12 0 22 12 0
15 1 0 15 1 0
17 4 0 17 4 0
11 1 0 11 1 0
10 6 0 10 6 0
26 4 0 26 4 0
17 8 0 17 8 0
21 1 0 21 1 0
29 4 0 29 4 0
19 2 0 19 2 0
17 9 0 17 9 0
18 1 0 18 1 0
30 11 0 30 11 0
24 13 0 24 13 0
13 1 0 13 1 0
10 3 0 10 3 0
30 5 0 30 5 0
