11 3 0 11 3 0
26 6 0 26 6 0
23 1 0 23 1 0
27 11 0 27 11 0
17 4 0 17 4 0
17 1 0 17 1 0
21 3 0 21 3 0
28 5 0 28 5 0
14 7 0 14 7 0
23 11 0 23 11 0
11 1 0 11 1 0
24 13 0 24 13 0
27 3 0 27 3 0
13 4 0 13 4 0
10 2 0 10 2 0
15 5 0 15 5 0
26 2 0 26 2 0
22 2 0 22 2 0
21 7 0 21 7 0
27 3 0 27 3 0
23 7 0 23 7 0
12 7 0 12 7 0
18 4 0 18 4 0
19 4 0 19 4 0
26 7 0 26 7 0
14 7 0 14 7 0
23 11 0 23 11 0
26 9 0 26 9 0
14 6 0 14 6 0
21 3 0 21 3 0
13 3 0 13 3 0
27 3 0 27 3 0
27 7 0 27 7 0
13 4 0 13 4 0
27 1 0 27 1 0
28 11 0 28 11 0
13 6 0 13 6 0
