29 8 0 29 8 0
25 8 0 25 8 0
10 5 0 10 5 0
19 3 0 19 3 0
29 14 0 29 14 0
20 11 0 20 11 0
29 10 0 29 10 0
15 1 0 15 1 0
22 1 0 22 1 0
24 4 0 24 4 0
18 2 0 18 2 0
27 12 0 27 12 0
29 1 0 29 1 0
22 8 0 22 8 0
11 1 0 11 1 0
27 4 0 27 4 0
21 8 0 21 8 0
25 12 0 25 12 0
20 8 0 20 8 0
13 1 0 13 1 0
22 4 0 22 4 0
28 1 0 28 1 0
15 6 0 15 6 0
24 6 0 24 6 0
14 6 0 14 6 0
15 5 0 15 5 0
15 4 0 15 4 0
30 2 0 30 2 0
27 2 0 27 2 0
24 10 0 24 10 0
20 2 0 20 2 0
21 6 0 21 6 0
22 3 0 22 3 0
17 3 0 17 3 0
14 2 0 14 2 0
19 1 0 19 1 0
16 9 0 16 9 0
28 2 0 28 2 0
17 7 0 17 7 0
19 5 0 19 5 0
