17 3 0 17 3 0
15 2 0 15 2 0
23 10 0 23 10 0
29 3 0 29 3 0
22 1 0 22 1 0
26 4 0 26 4 0
27 9 0 27 9 0
22 4 0 22 4 0
30 16 0 30 16 0
17 6 0 17 6 0
20 2 0 20 2 0
21 11 0 21 11 0
17 7 0 17 7 0
13 1 0 13 1 0
14 7 0 14 7 0
26 11 0 26 11 0
27 10 0 27 10 0
29 8 0 29 8 0
12 3 0 12 3 0
19 3 0 19 3 0
13 5 0 13 5 0
28 8 0 28 8 0
23 5 0 23 5 0
12 3 0 12 3 0
11 2 0 11 2 0
11 5 0 11 5 0
26 11 0 26 11 0
10 3 0 10 3 0
24 6 0 24 6 0
15 1 0 15 1 0
17 8 0 17 8 0
16 5 0 16 5 0
23 11 0 23 11 0
12 4 0 12 4 0
10 5 0 10 5 0
