16 2 0 16 2 0
24 10 0 24 10 0
24 12 0 24 12 0
21 11 0 21 11 0
27 7 0 27 7 0
18 2 0 18 2 0
11 4 0 11 4 0
14 7 0 14 7 0
24 9 0 24 9 0
20 3 0 20 3 0
27 6 0 27 6 0
17 8 0 17 8 0
22 4 0 22 4 0
18 8 0 18 8 0
30 2 0 30 2 0
16 2 0 16 2 0
19 2 0 19 2 0
17 6 0 17 6 0
29 3 0 29 3 0
10 5 0 10 5 0
12 2 0 12 2 0
19 4 0 19 4 0
17 7 0 17 7 0
20 10 0 20 10 0
26 9 0 26 9 0
28 14 0 28 14 0
19 8 0 19 8 0
23 7 0 23 7 0
27 1 0 27 1 0
16 7 0 16 7 0
20 2 0 20 2 0
10 1 0 10 1 0
27 6 0 27 6 0
22 1 0 22 1 0
22 9 0 22 9 0
