20 9 0 20 9 0
15 4 0 15 4 0
24 8 0 24 8 0
28 9 0 28 9 0
25 10 0 25 10 0
10 4 0 10 4 0
10 1 0 10 1 0
27 9 0 27 9 0
23 1 0 23 1 0
28 1 0 28 1 0
24 13 0 24 13 0
28 6 0 28 6 0
21 7 0 21 7 0
28 5 0 28 5 0
22 9 0 22 9 0
24 3 0 24 3 0
18 2 0 18 2 0
18 9 0 18 9 0
13 4 0 13 4 0
16 8 0 16 8 0
27 4 0 27 4 0
22 6 0 22 6 0
22 7 0 22 7 0
13 3 0 13 3 0
23 2 0 23 2 0
23 1 0 23 1 0
13 2 0 13 2 0
11 2 0 11 2 0
24 1 0 24 1 0
21 7 0 21 7 0
21 2 0 21 2 0
29 7 0 29 7 0
25 8 0 25 8 0
13 1 0 13 1 0
23 7 0 23 7 0
11 6 0 11 6 0
30 6 0 30 6 0
28 8 0 28 8 0
14 1 0 14 1 0
30 2 0 30 2 0
13 6 0 13 6 0
