17 4 0 17 4 0
17 6 0 17 6 0
13 2 0 13 2 0
16 2 0 16 2 0
19 7 0 19 7 0
27 5 0 27 5 0
18 4 0 18 4 0
23 8 0 23 8 0
12 5 0 12 5 0
13 1 0 13 1 0
28 7 0 28 7 0
25 13 0 25 13 0
28 8 0 28 8 0
14 4 0 14 4 0
24 2 0 24 2 0
11 2 0 11 2 0
28 2 0 28 2 0
15 8 0 15 8 0
18 2 0 18 2 0
30 8 0 30 8 0
30 9 0 30 9 0
13 1 0 13 1 0
22 6 0 22 6 0
13 5 0 13 5 0
27 2 0 27 2 0
23 5 0 23 5 0
28 1 0 28 1 0
26 12 0 26 12 0
16 6 0 16 6 0
12 3 0 12 3 0
23 11 0 23 11 0
26 5 0 26 5 0
30 12 0 30 12 0
11 2 0 11 2 0
23 3 0 23 3 0
18 1 0 18 1 0
13 6 0 13 6 0
18 10 0 18 10 0
22 8 0 22 8 0
