21 1 0 21 1 0
24 7 0 24 7 0
20 4 0 20 4 0
10 6 0 10 6 0
18 10 0 18 10 0
21 4 0 21 4 0
14 5 0 14 5 0
29 3 0 29 3 0
27 13 0 27 13 0
13 1 0 13 1 0
13 6 0 13 6 0
29 6 0 29 6 0
27 5 0 27 5 0
24 6 0 24 6 0
28 7 0 28 7 0
20 11 0 20 11 0
16 5 0 16 5 0
10 6 0 10 6 0
26 3 0 26 3 0
20 9 0 20 9 0
25 5 0 25 5 0
18 9 0 18 9 0
10 3 0 10 3 0
25 13 0 25 13 0
15 5 0 15 5 0
20 6 0 20 6 0
25 12 0 25 12 0
20 2 0 20 2 0
12 3 0 12 3 0
30 6 0 30 6 0
30 1 0 30 1 0
16 1 0 16 1 0
27 7 0 27 7 0
10 1 0 10 1 0
29 13 0 29 13 0
