17 5 0 17 5 0
19 6 0 19 6 0
26 5 0 26 5 0
11 5 0 11 5 0
28 1 0 28 1 0
11 2 0 11 2 0
28 10 0 28 10 0
12 2 0 12 2 0
22 8 0 22 8 0
12 2 0 12 2 0
30 6 0 30 6 0
24 1 0 24 1 0
22 7 0 22 7 0
21 4 0 21 4 0
30 14 0 30 14 0
27 2 0 27 2 0
29 12 0 29 12 0
17 3 0 17 3 0
15 2 0 15 2 0
12 1 0 12 1 0
17 5 0 17 5 0
11 3 0 11 3 0
27 2 0 27 2 0
28 12 0 28 12 0
19 1 0 19 1 0
27 10 0 27 10 0
15 2 0 15 2 0
18 1 0 18 1 0
18 4 0 18 4 0
22 5 0 22 5 0
28 15 0 28 15 0
25 3 0 25 3 0
15 1 0 15 1 0
12 7 0 12 7 0
28 2 0 28 2 0
28 1 0 28 1 0
11 3 0 11 3 0
11 3 0 11 3 0
13 1 0 13 1 0
27 5 0 27 5 0
25 4 0 25 4 0
27 12 0 27 12 0
17 2 0 17 2 0
30 14 0 30 14 0
