14 3 0 14 3 0
10 3 0 10 3 0
28 6 0 28 6 0
25 1 0 25 1 0
23 2 0 23 2 0
13 2 0 13 2 0
10 6 0 10 6 0
19 3 0 19 3 0
20 2 0 20 2 0
29 15 0 29 15 0
21 3 0 21 3 0
19 8 0 19 8 0
17 6 0 17 6 0
19 2 0 19 2 0
22 4 0 22 4 0
10 4 0 10 4 0
15 2 0 15 2 0
29 3 0 29 3 0
27 2 0 27 2 0
19 2 0 19 2 0
14 8 0 14 8 0
24 13 0 24 13 0
19 1 0 19 1 0
16 5 0 16 5 0
16 6 0 16 6 0
10 2 0 10 2 0
20 4 0 20 4 0
23 7 0 23 7 0
15 2 0 15 2 0
21 4 0 21 4 0
15 3 0 15 3 0
16 1 0 16 1 0
16 2 0 16 2 0
29 4 0 29 4 0
14 8 0 14 8 0
13 4 0 13 4 0
23 5 0 23 5 0
27 3 0 27 3 0
22 5 0 22 5 0
25 2 0 25 2 0
17 2 0 17 2 0
18 5 0 18 5 0
28 2 0 28 2 0
24 13 0 24 13 0
