26 10 0 26 10 0
16 9 0 16 9 0
22 5 0 22 5 0
22 10 0 22 10 0
25 4 0 25 4 0
24 6 0 24 6 0
22 1 0 22 1 0
23 9 0 23 9 0
18 2 0 18 2 0
15 5 0 15 5 0
17 6 0 17 6 0
27 3 0 27 3 0
22 5 0 22 5 0
10 4 0 10 4 0
22 2 0 22 2 0
13 1 0 13 1 0
20 5 0 20 5 0
24 9 0 24 9 0
30 9 0 30 9 0
15 5 0 15 5 0
14 2 0 14 2 0
24 11 0 24 11 0
27 9 0 27 9 0
26 1 0 26 1 0
14 5 0 14 5 0
20 8 0 20 8 0
15 2 0 15 2 0
23 10 0 23 10 0
26 12 0 26 12 0
19 4 0 19 4 0
28 13 0 28 13 0
27 13 0 27 13 0
13 1 0 13 1 0
27 7 0 27 7 0
19 7 0 19 7 0
