27 2 0 27 2 0
16 2 0 16 2 0
18 10 0 18 10 0
15 7 0 15 7 0
27 2 0 27 2 0
21 2 0 21 2 0
17 2 0 17 2 0
12 6 0 12 6 0
28 9 0 28 9 0
14 5 0 14 5 0
18 9 0 18 9 0
13 2 0 13 2 0
28 3 0 28 3 0
24 13 0 24 13 0
19 2 0 19 2 0
23 7 0 23 7 0
27 3 0 27 3 0
26 4 0 26 4 0
25 8 0 25 8 0
17 1 0 17 1 0
18 6 0 18 6 0
17 4 0 17 4 0
28 13 0 28 13 0
23 9 0 23 9 0
21 2 0 21 2 0
29 11 0 29 11 0
23 5 0 23 5 0
15 3 0 15 3 0
23 6 0 23 6 0
16 4 0 16 4 0
12 2 0 12 2 0
16 5 0 16 5 0
18 2 0 18 2 0
28 12 0 28 12 0
18 4 0 18 4 0
30 1 0 30 1 0
30 5 0 30 5 0
27 7 0 27 7 0
15 2 0 15 2 0
27 8 0 27 8 0
21 2 0 21 2 0
