26 5 0 26 5 0
11 4 0 11 4 0
14 6 0 14 6 0
25 9 0 25 9 0
13 6 0 13 6 0
24 3 0 24 3 0
20 1 0 20 1 0
11 1 0 11 1 0
24 11 0 24 11 0
10 2 0 10 2 0
19 8 0 19 8 0
20 2 0 20 2 0
19 6 0 19 6 0
29 6 0 29 6 0
25 6 0 25 6 0
19 2 0 19 2 0
25 6 0 25 6 0
24 6 0 24 6 0
14 3 0 14 3 0
26 4 0 26 4 0
12 5 0 12 5 0
28 10 0 28 10 0
11 3 0 11 3 0
29 3 0 29 3 0
23 1 0 23 1 0
28 8 0 28 8 0
20 8 0 20 8 0
28 10 0 28 10 0
11 3 0 11 3 0
10 6 0 10 6 0
22 12 0 22 12 0
22 3 0 22 3 0
23 1 0 23 1 0
18 4 0 18 4 0
30 1 0 30 1 0
16 4 0 16 4 0
24 2 0 24 2 0
15 6 0 15 6 0
23 8 0 23 8 0
