18 8 0 18 8 0
20 1 0 20 1 0
24 3 0 24 3 0
17 1 0 17 1 0
10 1 0 10 1 0
10 5 0 10 5 0
10 5 0 10 5 0
21 10 0 21 10 0
28 15 0 28 15 0
11 1 0 11 1 0
18 10 0 18 10 0
27 11 0 27 11 0
21 2 0 21 2 0
24 1 0 24 1 0
17 6 0 17 6 0
27 1 0 27 1 0
30 5 0 30 5 0
29 12 0 29 12 0
22 6 0 22 6 0
24 11 0 24 11 0
27 13 0 27 13 0
27 1 0 27 1 0
19 10 0 19 10 0
15 6 0 15 6 0
29 6 0 29 6 0
24 6 0 24 6 0
24 6 0 24 6 0
27 9 0 27 9 0
11 1 0 11 1 0
23 2 0 23 2 0
15 3 0 15 3 0
18 9 0 18 9 0
19 4 0 19 4 0
24 7 0 24 7 0
15 3 0 15 3 0
19 6 0 19 6 0
