16 8 0 16 8 0
20 4 0 20 4 0
11 2 0 11 2 0
15 3 0 15 3 0
27 12 0 27 12 0
22 3 0 22 3 0
23 1 0 23 1 0
14 7 0 14 7 0
11 6 0 11 6 0
11 1 0 11 1 0
25 3 0 25 3 0
21 6 0 21 6 0
22 6 0 22 6 0
24 11 0 24 11 0
12 1 0 12 1 0
18 10 0 18 10 0
13 6 0 13 6 0
12 6 0 12 6 0
18 8 0 18 8 0
11 5 0 11 5 0
22 3 0 22 3 0
26 4 0 26 4 0
11 6 0 11 6 0
25 1 0 25 1 0
22 3 0 22 3 0
21 10 0 21 10 0
25 8 0 25 8 0
26 1 0 26 1 0
30 7 0 30 7 0
21 5 0 21 5 0
21 8 0 21 8 0
18 4 0 18 4 0
11 1 0 11 1 0
25 3 0 25 3 0
19 6 0 19 6 0
30 1 0 30 1 0
21 2 0 21 2 0
