17 1 0 17 1 0
14 3 0 14 3 0
16 5 0 16 5 0
16 1 0 16 1 0
14 2 0 14 2 0
19 3 0 19 3 0
13 7 0 13 7 0
13 3 0 13 3 0
24 7 0 24 7 0
22 10 0 22 10 0
29 7 0 29 7 0
22 8 0 22 8 0
24 5 0 24 5 0
30 13 0 30 13 0
25 6 0 25 6 0
21 10 0 21 10 0
18 9 0 18 9 0
20 3 0 20 3 0
13 2 0 13 2 0
15 4 0 15 4 0
18 8 0 18 8 0
16 6 0 16 6 0
13 5 0 13 5 0
23 3 0 23 3 0
27 10 0 27 10 0
28 14 0 28 14 0
26 2 0 26 2 0
23 3 0 23 3 0
13 4 0 13 4 0
15 3 0 15 3 0
16 5 0 16 5 0
13 3 0 13 3 0
14 1 0 14 1 0
28 7 0 28 7 0
28 8 0 28 8 0
12 6 0 12 6 0
