15 8 0 15 8 0
15 1 0 15 1 0
25 10 0 25 10 0
29 13 0 29 13 0
20 8 0 20 8 0
25 3 0 25 3 0
25 2 0 25 2 0
12 2 0 12 2 0
19 2 0 19 2 0
28 8 0 28 8 0
11 1 0 11 1 0
26 2 0 26 2 0
14 1 0 14 1 0
25 6 0 25 6 0
28 3 0 28 3 0
24 11 0 24 11 0
14 4 0 14 4 0
14 4 0 14 4 0
30 3 0 30 3 0
15 8 0 15 8 0
13 6 0 13 6 0
19 5 0 19 5 0
13 7 0 13 7 0
17 3 0 17 3 0
20 7 0 20 7 0
29 10 0 29 10 0
15 5 0 15 5 0
11 6 0 11 6 0
21 7 0 21 7 0
20 1 0 20 1 0
17 6 0 17 6 0
19 3 0 19 3 0
28 13 0 28 13 0
22 11 0 22 11 0
11 2 0 11 2 0
21 11 0 21 11 0
