30 3 0 30 3 0
24 7 0 24 7 0
11 3 0 11 3 0
28 5 0 28 5 0
27 6 0 27 6 0
13 6 0 13 6 0
16 1 0 16 1 0
28 13 0 28 13 0
13 5 0 13 5 0
12 4 0 12 4 0
25 3 0 25 3 0
17 3 0 17 3 0
18 5 0 18 5 0
22 6 0 22 6 0
27 9 0 27 9 0
11 4 0 11 4 0
23 6 0 23 6 0
22 12 0 22 12 0
22 6 0 22 6 0
20 8 0 20 8 0
17 7 0 17 7 0
17 2 0 17 2 0
19 7 0 19 7 0
16 6 0 16 6 0
25 3 0 25 3 0
21 6 0 21 6 0
17 6 0 17 6 0
15 2 0 15 2 0
22 1 0 22 1 0
16 3 0 16 3 0
15 6 0 15 6 0
28 5 0 28 5 0
29 5 0 29 5 0
16 4 0 16 4 0
15 2 0 15 2 0
30 14 0 30 14 0
12 2 0 12 2 0
20 10 0 20 10 0
