11 1 0 11 1 0
23 6 0 23 6 0
19 3 0 19 3 0
17 4 0 17 4 0
16 4 0 16 4 0
13 7 0 13 7 0
24 5 0 24 5 0
16 6 0 16 6 0
30 8 0 30 8 0
22 2 0 22 2 0
16 4 0 16 4 0
16 2 0 16 2 0
13 6 0 13 6 0
10 3 0 10 3 0
23 1 0 23 1 0
29 8 0 29 8 0
29 11 0 29 11 0
27 13 0 27 13 0
21 10 0 21 10 0
11 2 0 11 2 0
10 2 0 10 2 0
19 1 0 19 1 0
17 7 0 17 7 0
28 1 0 28 1 0
30 7 0 30 7 0
15 2 0 15 2 0
29 11 0 29 11 0
23 7 0 23 7 0
10 6 0 10 6 0
17 6 0 17 6 0
30 5 0 30 5 0
29 1 0 29 1 0
24 12 0 24 12 0
21 3 0 21 3 0
22 10 0 22 10 0
14 1 0 14 1 0
16 7 0 16 7 0
30 5 0 30 5 0
