12 1 0 12 1 0
12 5 0 12 5 0
10 2 0 10 2 0
29 2 0 29 2 0
20 10 0 20 10 0
26 10 0 26 10 0
23 1 0 23 1 0
24 4 0 24 4 0
16 1 0 16 1 0
20 5 0 20 5 0
17 5 0 17 5 0
22 6 0 22 6 0
19 10 0 19 10 0
18 5 0 18 5 0
18 10 0 18 10 0
27 14 0 27 14 0
20 1 0 20 1 0
25 7 0 25 7 0
12 4 0 12 4 0
15 8 0 15 8 0
22 12 0 22 12 0
30 5 0 30 5 0
25 3 0 25 3 0
21 8 0 21 8 0
24 7 0 24 7 0
26 9 0 26 9 0
13 5 0 13 5 0
16 3 0 16 3 0
16 6 0 16 6 0
19 4 0 19 4 0
27 10 0 27 10 0
14 3 0 14 3 0
14 2 0 14 2 0
20 8 0 20 8 0
23 7 0 23 7 0
