22 8 0 22 8 0
23 11 0 23 11 0
26 1 0 26 1 0
28 4 0 28 4 0
19 8 0 19 8 0
29 6 0 29 6 0
16 3 0 16 3 0
24 2 0 24 2 0
19 9 0 19 9 0
12 2 0 12 2 0
14 4 0 14 4 0
25 8 0 25 8 0
22 7 0 22 7 0
22 5 0 22 5 0
25 4 0 25 4 0
23 10 0 23 10 0
26 10 0 26 10 0
14 6 0 14 6 0
16 6 0 16 6 0
13 6 0 13 6 0
12 6 0 12 6 0
14 3 0 14 3 0
30 10 0 30 10 0
16 9 0 16 9 0
13 6 0 13 6 0
13 5 0 13 5 0
27 6 0 27 6 0
21 2 0 21 2 0
15 7 0 15 7 0
28 2 0 28 2 0
26 4 0 26 4 0
22 2 0 22 2 0
14 5 0 14 5 0
20 2 0 20 2 0
22 12 0 22 12 0
