10 3 0 10 3 0
17 8 0 17 8 0
26 4 0 26 4 0
30 10 0 30 10 0
19 6 0 19 6 0
21 2 0 21 2 0
23 5 0 23 5 0
28 6 0 28 6 0
22 6 0 22 6 0
26 8 0 26 8 0
27 6 0 27 6 0
14 4 0 14 4 0
18 3 0 18 3 0
23 3 0 23 3 0
23 11 0 23 11 0
25 3 0 25 3 0
19 4 0 19 4 0
14 7 0 14 7 0
25 13 0 25 13 0
30 1 0 30 1 0
24 3 0 24 3 0
11 5 0 11 5 0
20 7 0 20 7 0
24 2 0 24 2 0
20 5 0 20 5 0
22 10 0 22 10 0
21 8 0 21 8 0
15 3 0 15 3 0
30 12 0 30 12 0
22 10 0 22 10 0
22 6 0 22 6 0
29 11 0 29 11 0
14 1 0 14 1 0
15 5 0 15 5 0
25 3 0 25 3 0
20 5 0 20 5 0
27 13 0 27 13 0
