25 11 0 25 11 0
25 11 0 25 11 0
24 2 0 24 2 0
18 9 0 18 9 0
29 8 0 29 8 0
25 6 0 25 6 0
19 7 0 19 7 0
25 11 0 25 11 0
25 4 0 25 4 0
26 13 0 26 13 0
24 7 0 24 7 0
21 1 0 21 1 0
14 1 0 14 1 0
14 7 0 14 7 0
12 1 0 12 1 0
10 3 0 10 3 0
26 1 0 26 1 0
18 4 0 18 4 0
18 7 0 18 7 0
17 8 0 17 8 0
17 3 0 17 3 0
20 2 0 20 2 0
16 3 0 16 3 0
26 12 0 26 12 0
30 7 0 30 7 0
11 4 0 11 4 0
17 5 0 17 5 0
18 4 0 18 4 0
26 7 0 26 7 0
22 2 0 22 2 0
16 1 0 16 1 0
17 8 0 17 8 0
11 6 0 11 6 0
28 5 0 28 5 0
25 12 0 25 12 0
27 4 0 27 4 0
