28 13 0 28 13 0
27 4 0 27 4 0
24 9 0 24 9 0
19 4 0 19 4 0
10 4 0 10 4 0
21 2 0 21 2 0
16 3 0 16 3 0
27 9 0 27 9 0
18 4 0 18 4 0
11 3 0 11 3 0
26 12 0 26 12 0
29 13 0 29 13 0
27 13 0 27 13 0
28 13 0 28 13 0
22 8 0 22 8 0
17 1 0 17 1 0
10 2 0 10 2 0
30 9 0 30 9 0
17 6 0 17 6 0
18 9 0 18 9 0
16 1 0 16 1 0
23 8 0 23 8 0
22 1 0 22 1 0
28 10 0 28 10 0
30 11 0 30 11 0
16 2 0 16 2 0
25 6 0 25 6 0
30 7 0 30 7 0
14 4 0 14 4 0
25 6 0 25 6 0
15 4 0 15 4 0
28 3 0 28 3 0
12 5 0 12 5 0
18 3 0 18 3 0
17 3 0 17 3 0
28 9 0 28 9 0
