30 12 0 30 12 0
13 6 0 13 6 0
15 6 0 15 6 0
23 5 0 23 5 0
24 3 0 24 3 0
16 4 0 16 4 0
29 10 0 29 10 0
12 3 0 12 3 0
19 5 0 19 5 0
20 5 0 20 5 0
27 4 0 27 4 0
12 3 0 12 3 0
26 8 0 26 8 0
23 4 0 23 4 0
10 1 0 10 1 0
24 12 0 24 12 0
11 3 0 11 3 0
11 5 0 11 5 0
23 4 0 23 4 0
20 8 0 20 8 0
26 2 0 26 2 0
24 11 0 24 11 0
26 13 0 26 13 0
17 1 0 17 1 0
12 3 0 12 3 0
18 1 0 18 1 0
12 2 0 12 2 0
14 2 0 14 2 0
18 4 0 18 4 0
21 10 0 21 10 0
18 7 0 18 7 0
20 4 0 20 4 0
10 6 0 10 6 0
27 2 0 27 2 0
25 10 0 25 10 0
24 4 0 24 4 0
18 1 0 18 1 0
