18 8 0 18 8 0
27 8 0 27 8 0
23 5 0 23 5 0
11 5 0 11 5 0
13 5 0 13 5 0
14 2 0 14 2 0
25 4 0 25 4 0
17 5 0 17 5 0
26 4 0 26 4 0
26 6 0 26 6 0
11 2 0 11 2 0
10 3 0 10 3 0
10 3 0 10 3 0
24 8 0 24 8 0
20 6 0 20 6 0
23 7 0 23 7 0
13 1 0 13 1 0
12 3 0 12 3 0
15 1 0 15 1 0
28 6 0 28 6 0
10 2 0 10 2 0
23 7 0 23 7 0
30 1 0 30 1 0
17 7 0 17 7 0
28 6 0 28 6 0
19 4 0 19 4 0
28 4 0 28 4 0
27 13 0 27 13 0
18 1 0 18 1 0
28 12 0 28 12 0
21 7 0 21 7 0
27 10 0 27 10 0
27 11 0 27 11 0
29 15 0 29 15 0
20 3 0 20 3 0
15 6 0 15 6 0
29 13 0 29 13 0
