30 11 0 30 11 0
14 7 0 14 7 0
13 7 0 13 7 0
14 2 0 14 2 0
10 1 0 10 1 0
19 2 0 19 2 0
28 9 0 28 9 0
18 9 0 18 9 0
20 10 0 20 10 0
14 6 0 14 6 0
27 7 0 27 7 0
29 6 0 29 6 0
26 2 0 26 2 0
14 2 0 14 2 0
14 4 0 14 4 0
22 9 0 22 9 0
15 2 0 15 2 0
12 4 0 12 4 0
19 4 0 19 4 0
27 3 0 27 3 0
20 4 0 20 4 0
15 1 0 15 1 0
25 7 0 25 7 0
22 10 0 22 10 0
13 6 0 13 6 0
21 4 0 21 4 0
16 5 0 16 5 0
27 2 0 27 2 0
27 1 0 27 1 0
13 7 0 13 7 0
22 7 0 22 7 0
23 1 0 23 1 0
11 5 0 11 5 0
29 3 0 29 3 0
20 1 0 20 1 0
13 1 0 13 1 0
12 4 0 12 4 0
23 9 0 23 9 0
