23 8 0 23 8 0
16 3 0 16 3 0
24 2 0 24 2 0
23 12 0 23 12 0
29 3 0 29 3 0
17 4 0 17 4 0
25 2 0 25 2 0
10 4 0 10 4 0
29 5 0 29 5 0
29 1 0 29 1 0
29 13 0 29 13 0
14 4 0 14 4 0
27 1 0 27 1 0
19 9 0 19 9 0
14 5 0 14 5 0
14 4 0 14 4 0
18 6 0 18 6 0
18 1 0 18 1 0
24 11 0 24 11 0
30 6 0 30 6 0
19 2 0 19 2 0
20 9 0 20 9 0
22 7 0 22 7 0
24 6 0 24 6 0
30 9 0 30 9 0
22 12 0 22 12 0
12 2 0 12 2 0
26 10 0 26 10 0
26 10 0 26 10 0
26 11 0 26 11 0
19 2 0 19 2 0
28 6 0 28 6 0
10 1 0 10 1 0
18 9 0 18 9 0
28 13 0 28 13 0
13 3 0 13 3 0
