24 4 0 24 4 0
22 7 0 22 7 0
16 4 0 16 4 0
24 1 0 24 1 0
20 11 0 20 11 0
23 10 0 23 10 0
14 3 0 14 3 0
26 11 0 26 11 0
11 2 0 11 2 0
24 8 0 24 8 0
27 5 0 27 5 0
17 4 0 17 4 0
23 8 0 23 8 0
11 2 0 11 2 0
21 1 0 21 1 0
25 9 0 25 9 0
17 3 0 17 3 0
23 9 0 23 9 0
10 1 0 10 1 0
15 1 0 15 1 0
14 6 0 14 6 0
17 6 0 17 6 0
10 1 0 10 1 0
24 9 0 24 9 0
18 9 0 18 9 0
14 3 0 14 3 0
26 13 0 26 13 0
18 4 0 18 4 0
27 5 0 27 5 0
10 4 0 10 4 0
18 3 0 18 3 0
20 7 0 20 7 0
30 4 0 30 4 0
16 2 0 16 2 0
24 4 0 24 4 0
12 6 0 12 6 0
14 8 0 14 8 0
