25 13 0 25 13 0
25 2 0 25 2 0
14 2 0 14 2 0
22 6 0 22 6 0
24 1 0 24 1 0
22 4 0 22 4 0
25 9 0 25 9 0
26 8 0 26 8 0
19 4 0 19 4 0
12 5 0 12 5 0
18 4 0 18 4 0
25 8 0 25 8 0
16 3 0 16 3 0
24 10 0 24 10 0
29 11 0 29 11 0
22 3 0 22 3 0
27 1 0 27 1 0
27 8 0 27 8 0
14 1 0 14 1 0
21 2 0 21 2 0
21 7 0 21 7 0
26 10 0 26 10 0
26 14 0 26 14 0
21 8 0 21 8 0
12 5 0 12 5 0
22 4 0 22 4 0
10 4 0 10 4 0
20 6 0 20 6 0
16 5 0 16 5 0
15 5 0 15 5 0
24 12 0 24 12 0
20 3 0 20 3 0
18 10 0 18 10 0
18 1 0 18 1 0
29 12 0 29 12 0
10 2 0 10 2 0
