22 11 0 22 11 0
18 5 0 18 5 0
30 8 0 30 8 0
18 4 0 18 4 0
15 5 0 15 5 0
15 8 0 15 8 0
20 8 0 20 8 0
26 13 0 26 13 0
27 1 0 27 1 0
21 1 0 21 1 0
13 5 0 13 5 0
15 3 0 15 3 0
25 9 0 25 9 0
29 7 0 29 7 0
23 5 0 23 5 0
11 2 0 11 2 0
22 12 0 22 12 0
25 5 0 25 5 0
27 6 0 27 6 0
13 2 0 13 2 0
14 6 0 14 6 0
17 2 0 17 2 0
28 6 0 28 6 0
18 5 0 18 5 0
28 13 0 28 13 0
30 6 0 30 6 0
27 7 0 27 7 0
17 9 0 17 9 0
25 3 0 25 3 0
22 7 0 22 7 0
20 8 0 20 8 0
16 3 0 16 3 0
11 2 0 11 2 0
26 1 0 26 1 0
21 3 0 21 3 0
15 7 0 15 7 0
