24 13 0 24 13 0
29 5 0 29 5 0
16 7 0 16 7 0
14 3 0 14 3 0
19 1 0 19 1 0
26 1 0 26 1 0
30 3 0 30 3 0
10 4 0 10 4 0
25 8 0 25 8 0
14 5 0 14 5 0
17 9 0 17 9 0
30 16 0 30 16 0
15 4 0 15 4 0
11 2 0 11 2 0
11 3 0 11 3 0
25 1 0 25 1 0
28 10 0 28 10 0
16 9 0 16 9 0
21 6 0 21 6 0
21 7 0 21 7 0
24 6 0 24 6 0
21 1 0 21 1 0
13 5 0 13 5 0
27 4 0 27 4 0
11 2 0 11 2 0
26 3 0 26 3 0
24 11 0 24 11 0
25 8 0 25 8 0
22 1 0 22 1 0
17 5 0 17 5 0
13 2 0 13 2 0
24 2 0 24 2 0
29 4 0 29 4 0
14 3 0 14 3 0
29 6 0 29 6 0
15 2 0 15 2 0
26 7 0 26 7 0
18 3 0 18 3 0
10 5 0 10 5 0
