10 2 0 10 2 0
15 2 0 15 2 0
15 7 0 15 7 0
16 6 0 16 6 0
26 4 0 26 4 0
21 4 0 21 4 0
26 13 0 26 13 0
17 1 0 17 1 0
12 6 0 12 6 0
24 6 0 24 6 0
21 10 0 21 10 0
25 5 0 25 5 0
25 7 0 25 7 0
27 13 0 27 13 0
26 4 0 26 4 0
13 6 0 13 6 0
14 1 0 14 1 0
15 2 0 15 2 0
16 4 0 16 4 0
27 13 0 27 13 0
15 5 0 15 5 0
14 6 0 14 6 0
28 11 0 28 11 0
23 5 0 23 5 0
18 8 0 18 8 0
30 3 0 30 3 0
21 3 0 21 3 0
10 3 0 10 3 0
16 6 0 16 6 0
10 1 0 10 1 0
22 1 0 22 1 0
27 5 0 27 5 0
24 11 0 24 11 0
10 2 0 10 2 0
26 2 0 26 2 0
21 9 0 21 9 0
