11 3 0 11 3 0
30 1 0 30 1 0
29 1 0 29 1 0
14 4 0 14 4 0
17 3 0 17 3 0
17 4 0 17 4 0
12 1 0 12 1 0
12 4 0 12 4 0
30 14 0 30 14 0
18 4 0 18 4 0
17 7 0 17 7 0
12 2 0 12 2 0
20 2 0 20 2 0
30 4 0 30 4 0
27 13 0 27 13 0
16 8 0 16 8 0
26 4 0 26 4 0
17 6 0 17 6 0
23 9 0 23 9 0
13 6 0 13 6 0
13 2 0 13 2 0
23 5 0 23 5 0
29 13 0 29 13 0
21 9 0 21 9 0
22 4 0 22 4 0
27 10 0 27 10 0
23 3 0 23 3 0
28 10 0 28 10 0
23 9 0 23 9 0
27 12 0 27 12 0
28 6 0 28 6 0
16 7 0 16 7 0
30 10 0 30 10 0
18 9 0 18 9 0
28 12 0 28 12 0
