13 6 0 13 6 0
22 9 0 22 9 0
21 9 0 21 9 0
21 10 0 21 10 0
19 3 0 19 3 0
18 7 0 18 7 0
16 1 0 16 1 0
18 2 0 18 2 0
19 4 0 19 4 0
23 12 0 23 12 0
18 6 0 18 6 0
19 4 0 19 4 0
22 4 0 22 4 0
17 4 0 17 4 0
16 5 0 16 5 0
21 9 0 21 9 0
19 9 0 19 9 0
22 3 0 22 3 0
21 1 0 21 1 0
22 4 0 22 4 0
23 12 0 23 12 0
10 3 0 10 3 0
20 2 0 20 2 0
21 8 0 21 8 0
13 1 0 13 1 0
29 2 0 29 2 0
24 4 0 24 4 0
19 5 0 19 5 0
30 2 0 30 2 0
12 6 0 12 6 0
22 5 0 22 5 0
27 6 0 27 6 0
17 1 0 17 1 0
16 1 0 16 1 0
26 4 0 26 4 0
24 5 0 24 5 0
21 5 0 21 5 0
24 7 0 24 7 0
25 13 0 25 13 0
