23 2 0 23 2 0
10 1 0 10 1 0
22 10 0 22 10 0
13 5 0 13 5 0
29 12 0 29 12 0
17 4 0 17 4 0
12 4 0 12 4 0
16 9 0 16 9 0
22 2 0 22 2 0
19 9 0 19 9 0
16 6 0 16 6 0
16 2 0 16 2 0
23 6 0 23 6 0
11 3 0 11 3 0
24 12 0 24 12 0
27 2 0 27 2 0
25 9 0 25 9 0
24 5 0 24 5 0
14 8 0 14 8 0
21 6 0 21 6 0
24 9 0 24 9 0
27 2 0 27 2 0
29 9 0 29 9 0
25 4 0 25 4 0
27 3 0 27 3 0
10 3 0 10 3 0
10 2 0 10 2 0
20 9 0 20 9 0
28 6 0 28 6 0
20 6 0 20 6 0
11 4 0 11 4 0
21 2 0 21 2 0
17 6 0 17 6 0
27 3 0 27 3 0
24 7 0 24 7 0
24 12 0 24 12 0
