23 12 0 23 12 0
11 3 0 11 3 0
25 6 0 25 6 0
26 12 0 26 12 0
28 14 0 28 14 0
18 8 0 18 8 0
19 3 0 19 3 0
16 2 0 16 2 0
18 6 0 18 6 0
18 1 0 18 1 0
18 3 0 18 3 0
10 1 0 10 1 0
21 5 0 21 5 0
29 3 0 29 3 0
23 12 0 23 12 0
21 2 0 21 2 0
23 2 0 23 2 0
22 6 0 22 6 0
13 4 0 13 4 0
27 13 0 27 13 0
12 1 0 12 1 0
14 2 0 14 2 0
12 7 0 12 7 0
11 4 0 11 4 0
29 9 0 29 9 0
21 1 0 21 1 0
20 10 0 20 10 0
12 4 0 12 4 0
20 2 0 20 2 0
10 2 0 10 2 0
23 2 0 23 2 0
23 7 0 23 7 0
19 2 0 19 2 0
22 11 0 22 11 0
19 10 0 19 10 0
18 3 0 18 3 0
12 6 0 12 6 0
