29 4 0 29 4 0
10 1 0 10 1 0
17 6 0 17 6 0
17 4 0 17 4 0
30 12 0 30 12 0
28 11 0 28 11 0
14 5 0 14 5 0
11 4 0 11 4 0
15 6 0 15 6 0
13 6 0 13 6 0
29 12 0 29 12 0
25 5 0 25 5 0
13 1 0 13 1 0
18 3 0 18 3 0
27 5 0 27 5 0
13 1 0 13 1 0
30 8 0 30 8 0
28 6 0 28 6 0
17 7 0 17 7 0
18 5 0 18 5 0
14 4 0 14 4 0
13 3 0 13 3 0
29 15 0 29 15 0
23 3 0 23 3 0
29 8 0 29 8 0
26 5 0 26 5 0
27 5 0 27 5 0
13 5 0 13 5 0
14 8 0 14 8 0
14 3 0 14 3 0
25 8 0 25 8 0
21 2 0 21 2 0
18 1 0 18 1 0
28 10 0 28 10 0
15 3 0 15 3 0
21 9 0 21 9 0
16 6 0 16 6 0
