24 4 0 24 4 0
14 1 0 14 1 0
14 2 0 14 2 0
13 6 0 13 6 0
19 2 0 19 2 0
20 10 0 20 10 0
11 2 0 11 2 0
20 9 0 20 9 0
27 7 0 27 7 0
20 4 0 20 4 0
17 4 0 17 4 0
13 7 0 13 7 0
16 8 0 16 8 0
18 2 0 18 2 0
24 7 0 24 7 0
14 6 0 14 6 0
29 1 0 29 1 0
28 14 0 28 14 0
12 2 0 12 2 0
17 6 0 17 6 0
11 2 0 11 2 0
10 2 0 10 2 0
15 8 0 15 8 0
13 3 0 13 3 0
25 3 0 25 3 0
28 4 0 28 4 0
11 3 0 11 3 0
16 2 0 16 2 0
21 6 0 21 6 0
27 10 0 27 10 0
26 8 0 26 8 0
22 1 0 22 1 0
23 1 0 23 1 0
21 9 0 21 9 0
19 3 0 19 3 0
24 3 0 24 3 0
17 4 0 17 4 0
22 5 0 22 5 0
18 5 0 18 5 0
