15 2 0 15 2 0
17 3 0 17 3 0
30 1 0 30 1 0
14 1 0 14 1 0
26 12 0 26 12 0
21 10 0 21 10 0
21 3 0 21 3 0
20 1 0 20 1 0
29 5 0 29 5 0
24 1 0 24 1 0
17 1 0 17 1 0
23 10 0 23 10 0
15 3 0 15 3 0
24 13 0 24 13 0
17 3 0 17 3 0
30 3 0 30 3 0
14 4 0 14 4 0
20 1 0 20 1 0
16 4 0 16 4 0
24 7 0 24 7 0
15 6 0 15 6 0
22 1 0 22 1 0
18 5 0 18 5 0
23 12 0 23 12 0
28 14 0 28 14 0
21 9 0 21 9 0
20 9 0 20 9 0
17 8 0 17 8 0
19 3 0 19 3 0
17 9 0 17 9 0
20 6 0 20 6 0
13 2 0 13 2 0
16 2 0 16 2 0
12 3 0 12 3 0
12 4 0 12 4 0
22 10 0 22 10 0
21 5 0 21 5 0
23 8 0 23 8 0
