13 4 0 13 4 0
14 2 0 14 2 0
16 4 0 16 4 0
13 7 0 13 7 0
12 3 0 12 3 0
30 3 0 30 3 0
11 1 0 11 1 0
15 6 0 15 6 0
26 1 0 26 1 0
17 2 0 17 2 0
26 10 0 26 10 0
19 1 0 19 1 0
25 3 0 25 3 0
19 6 0 19 6 0
28 8 0 28 8 0
20 6 0 20 6 0
20 2 0 20 2 0
27 1 0 27 1 0
20 5 0 20 5 0
18 9 0 18 9 0
23 12 0 23 12 0
26 8 0 26 8 0
22 11 0 22 11 0
10 1 0 10 1 0
27 10 0 27 10 0
23 4 0 23 4 0
19 1 0 19 1 0
17 8 0 17 8 0
17 4 0 17 4 0
14 8 0 14 8 0
11 4 0 11 4 0
15 5 0 15 5 0
22 3 0 22 3 0
17 4 0 17 4 0
19 5 0 19 5 0
24 1 0 24 1 0
18 10 0 18 10 0
29 2 0 29 2 0
30 9 0 30 9 0
