25 10 0 25 10 0
11 5 0 11 5 0
17 5 0 17 5 0
19 1 0 19 1 0
27 13 0 27 13 0
16 9 0 16 9 0
10 1 0 10 1 0
22 1 0 22 1 0
21 5 0 21 5 0
22 11 0 22 11 0
23 4 0 23 4 0
18 8 0 18 8 0
29 11 0 29 11 0
26 2 0 26 2 0
23 4 0 23 4 0
19 6 0 19 6 0
29 2 0 29 2 0
20 2 0 20 2 0
12 5 0 12 5 0
19 6 0 19 6 0
30 12 0 30 12 0
27 7 0 27 7 0
24 13 0 24 13 0
15 6 0 15 6 0
14 5 0 14 5 0
29 11 0 29 11 0
22 7 0 22 7 0
26 6 0 26 6 0
30 5 0 30 5 0
15 2 0 15 2 0
25 6 0 25 6 0
21 4 0 21 4 0
28 5 0 28 5 0
19 4 0 19 4 0
16 6 0 16 6 0
11 5 0 11 5 0
