16 3 0 16 3 0
19 7 0 19 7 0
20 5 0 20 5 0
21 10 0 21 10 0
25 3 0 25 3 0
10 3 0 10 3 0
22 1 0 22 1 0
21 1 0 21 1 0
12 6 0 12 6 0
20 2 0 20 2 0
29 15 0 29 15 0
22 1 0 22 1 0
11 6 0 11 6 0
16 7 0 16 7 0
18 4 0 18 4 0
13 3 0 13 3 0
13 3 0 13 3 0
24 7 0 24 7 0
15 7 0 15 7 0
15 3 0 15 3 0
15 4 0 15 4 0
11 5 0 11 5 0
27 12 0 27 12 0
29 7 0 29 7 0
10 3 0 10 3 0
24 9 0 24 9 0
19 4 0 19 4 0
22 3 0 22 3 0
11 2 0 11 2 0
24 5 0 24 5 0
27 13 0 27 13 0
13 7 0 13 7 0
22 11 0 22 11 0
25 1 0 25 1 0
17 6 0 17 6 0
