23 4 0 23 4 0
25 3 0 25 3 0
22 6 0 22 6 0
11 4 0 11 4 0
13 1 0 13 1 0
23 5 0 23 5 0
26 7 0 26 7 0
22 1 0 22 1 0
19 7 0 19 7 0
11 3 0 11 3 0
26 13 0 26 13 0
27 5 0 27 5 0
18 5 0 18 5 0
18 6 0 18 6 0
10 6 0 10 6 0
11 1 0 11 1 0
24 11 0 24 11 0
15 5 0 15 5 0
16 8 0 16 8 0
28 3 0 28 3 0
19 9 0 19 9 0
30 12 0 30 12 0
29 14 0 29 14 0
18 2 0 18 2 0
21 3 0 21 3 0
12 3 0 12 3 0
29 5 0 29 5 0
12 1 0 12 1 0
28 13 0 28 13 0
19 7 0 19 7 0
23 1 0 23 1 0
29 3 0 29 3 0
21 3 0 21 3 0
15 3 0 15 3 0
24 9 0 24 9 0
20 10 0 20 10 0
24 3 0 24 3 0
