10 6 0 10 6 0
25 13 0 25 13 0
15 5 0 15 5 0
17 3 0 17 3 0
12 5 0 12 5 0
18 6 0 18 6 0
22 10 0 22 10 0
11 1 0 11 1 0
22 7 0 22 7 0
22 5 0 22 5 0
12 2 0 12 2 0
11 4 0 11 4 0
19 5 0 19 5 0
16 8 0 16 8 0
12 4 0 12 4 0
28 7 0 28 7 0
10 1 0 10 1 0
24 2 0 24 2 0
12 1 0 12 1 0
26 11 0 26 11 0
15 6 0 15 6 0
28 3 0 28 3 0
23 2 0 23 2 0
28 8 0 28 8 0
30 9 0 30 9 0
16 1 0 16 1 0
17 2 0 17 2 0
22 5 0 22 5 0
21 10 0 21 10 0
10 3 0 10 3 0
27 9 0 27 9 0
23 4 0 23 4 0
10 3 0 10 3 0
25 7 0 25 7 0
26 4 0 26 4 0
23 8 0 23 8 0
30 6 0 30 6 0
