25 11 0 25 11 0
27 10 0 27 10 0
25 2 0 25 2 0
27 4 0 27 4 0
10 4 0 10 4 0
11 2 0 11 2 0
16 3 0 16 3 0
13 3 0 13 3 0
19 8 0 19 8 0
23 1 0 23 1 0
17 8 0 17 8 0
27 8 0 27 8 0
18 6 0 18 6 0
27 11 0 27 11 0
19 1 0 19 1 0
10 4 0 10 4 0
11 2 0 11 2 0
24 7 0 24 7 0
28 1 0 28 1 0
15 7 0 15 7 0
18 5 0 18 5 0
12 1 0 12 1 0
11 3 0 11 3 0
20 6 0 20 6 0
13 3 0 13 3 0
24 11 0 24 11 0
22 3 0 22 3 0
18 9 0 18 9 0
14 8 0 14 8 0
27 2 0 27 2 0
11 2 0 11 2 0
21 1 0 21 1 0
27 13 0 27 13 0
14 2 0 14 2 0
12 7 0 12 7 0
17 4 0 17 4 0
