25 13 0 25 13 0
13 4 0 13 4 0
27 6 0 27 6 0
17 4 0 17 4 0
28 14 0 28 14 0
24 10 0 24 10 0
15 1 0 15 1 0
16 6 0 16 6 0
30 4 0 30 4 0
28 2 0 28 2 0
28 1 0 28 1 0
24 2 0 24 2 0
18 10 0 18 10 0
14 2 0 14 2 0
29 1 0 29 1 0
21 11 0 21 11 0
25 2 0 25 2 0
14 8 0 14 8 0
14 7 0 14 7 0
21 8 0 21 8 0
29 3 0 29 3 0
26 3 0 26 3 0
25 3 0 25 3 0
21 11 0 21 11 0
16 3 0 16 3 0
25 3 0 25 3 0
10 1 0 10 1 0
16 7 0 16 7 0
26 5 0 26 5 0
27 13 0 27 13 0
12 3 0 12 3 0
25 6 0 25 6 0
28 6 0 28 6 0
18 3 0 18 3 0
23 7 0 23 7 0
19 1 0 19 1 0
12 6 0 12 6 0
18 6 0 18 6 0
