20 2 0 20 2 0
11 4 0 11 4 0
25 2 0 25 2 0
15 3 0 15 3 0
19 7 0 19 7 0
11 2 0 11 2 0
16 4 0 16 4 0
25 8 0 25 8 0
10 3 0 10 3 0
14 2 0 14 2 0
14 5 0 14 5 0
27 2 0 27 2 0
27 7 0 27 7 0
18 5 0 18 5 0
11 3 0 11 3 0
15 4 0 15 4 0
15 8 0 15 8 0
11 3 0 11 3 0
26 14 0 26 14 0
13 5 0 13 5 0
25 5 0 25 5 0
15 4 0 15 4 0
17 3 0 17 3 0
21 7 0 21 7 0
21 11 0 21 11 0
27 4 0 27 4 0
21 10 0 21 10 0
14 8 0 14 8 0
23 5 0 23 5 0
27 2 0 27 2 0
20 4 0 20 4 0
29 3 0 29 3 0
28 8 0 28 8 0
17 5 0 17 5 0
28 6 0 28 6 0
11 4 0 11 4 0
26 10 0 26 10 0
