30 15 0 30 15 0
15 4 0 15 4 0
30 4 0 30 4 0
22 4 0 22 4 0
26 5 0 26 5 0
11 6 0 11 6 0
27 11 0 27 11 0
30 15 0 30 15 0
28 4 0 28 4 0
12 6 0 12 6 0
10 2 0 10 2 0
30 1 0 30 1 0
18 2 0 18 2 0
22 1 0 22 1 0
29 14 0 29 14 0
27 5 0 27 5 0
18 7 0 18 7 0
22 3 0 22 3 0
25 11 0 25 11 0
22 9 0 22 9 0
19 8 0 19 8 0
12 1 0 12 1 0
10 4 0 10 4 0
13 7 0 13 7 0
14 4 0 14 4 0
27 3 0 27 3 0
14 1 0 14 1 0
24 8 0 24 8 0
14 2 0 14 2 0
29 13 0 29 13 0
14 5 0 14 5 0
30 11 0 30 11 0
15 7 0 15 7 0
30 5 0 30 5 0
25 7 0 25 7 0
