22 4 0 22 4 0
23 5 0 23 5 0
26 5 0 26 5 0
24 4 0 24 4 0
14 7 0 14 7 0
19 6 0 19 6 0
25 3 0 25 3 0
12 2 0 12 2 0
21 5 0 21 5 0
12 6 0 12 6 0
13 1 0 13 1 0
26 1 0 26 1 0
19 4 0 19 4 0
26 2 0 26 2 0
17 4 0 17 4 0
30 6 0 30 6 0
20 11 0 20 11 0
11 2 0 11 2 0
14 3 0 14 3 0
12 1 0 12 1 0
25 12 0 25 12 0
25 4 0 25 4 0
19 8 0 19 8 0
25 1 0 25 1 0
24 5 0 24 5 0
18 8 0 18 8 0
15 4 0 15 4 0
27 7 0 27 7 0
17 2 0 17 2 0
16 8 0 16 8 0
19 4 0 19 4 0
14 7 0 14 7 0
14 1 0 14 1 0
18 6 0 18 6 0
14 2 0 14 2 0
13 4 0 13 4 0
22 8 0 22 8 0
14 8 0 14 8 0
27 1 0 27 1 0
20 7 0 20 7 0
