17 9 0 17 9 0
29 6 0 29 6 0
25 5 0 25 5 0
23 2 0 23 2 0
15 1 0 15 1 0
23 1 0 23 1 0
12 6 0 12 6 0
29 9 0 29 9 0
25 4 0 25 4 0
16 6 0 16 6 0
12 7 0 12 7 0
30 5 0 30 5 0
29 6 0 29 6 0
29 5 0 29 5 0
24 9 0 24 9 0
21 7 0 21 7 0
13 4 0 13 4 0
19 4 0 19 4 0
20 2 0 20 2 0
25 12 0 25 12 0
14 4 0 14 4 0
26 6 0 26 6 0
10 2 0 10 2 0
14 2 0 14 2 0
20 9 0 20 9 0
13 7 0 13 7 0
15 1 0 15 1 0
19 6 0 19 6 0
18 5 0 18 5 0
25 6 0 25 6 0
15 5 0 15 5 0
30 7 0 30 7 0
26 10 0 26 10 0
27 13 0 27 13 0
15 2 0 15 2 0
10 1 0 10 1 0
23 3 0 23 3 0
26 13 0 26 13 0
