20 4 0 20 4 0
25 7 0 25 7 0
26 7 0 26 7 0
12 2 0 12 2 0
22 2 0 22 2 0
29 9 0 29 9 0
15 6 0 15 6 0
30 16 0 30 16 0
21 9 0 21 9 0
14 6 0 14 6 0
12 6 0 12 6 0
17 3 0 17 3 0
23 1 0 23 1 0
14 2 0 14 2 0
13 6 0 13 6 0
26 4 0 26 4 0
13 5 0 13 5 0
30 4 0 30 4 0
30 4 0 30 4 0
14 3 0 14 3 0
14 7 0 14 7 0
17 7 0 17 7 0
10 1 0 10 1 0
24 7 0 24 7 0
27 11 0 27 11 0
13 3 0 13 3 0
27 11 0 27 11 0
23 4 0 23 4 0
15 1 0 15 1 0
20 1 0 20 1 0
20 1 0 20 1 0
29 14 0 29 14 0
18 7 0 18 7 0
17 5 0 17 5 0
19 3 0 19 3 0
19 5 0 19 5 0
14 6 0 14 6 0
