14 3 0 14 3 0
14 6 0 14 6 0
22 3 0 22 3 0
25 12 0 25 12 0
21 2 0 21 2 0
13 6 0 13 6 0
25 2 0 25 2 0
13 7 0 13 7 0
18 3 0 18 3 0
13 4 0 13 4 0
19 7 0 19 7 0
24 6 0 24 6 0
15 1 0 15 1 0
19 9 0 19 9 0
16 2 0 16 2 0
16 7 0 16 7 0
27 14 0 27 14 0
20 6 0 20 6 0
23 3 0 23 3 0
12 4 0 12 4 0
29 3 0 29 3 0
23 10 0 23 10 0
16 3 0 16 3 0
20 11 0 20 11 0
24 11 0 24 11 0
16 5 0 16 5 0
10 1 0 10 1 0
15 3 0 15 3 0
17 3 0 17 3 0
10 1 0 10 1 0
30 4 0 30 4 0
23 12 0 23 12 0
12 5 0 12 5 0
13 4 0 13 4 0
11 2 0 11 2 0
