30 13 0 30 13 0
15 5 0 15 5 0
21 3 0 21 3 0
22 3 0 22 3 0
29 6 0 29 6 0
16 4 0 16 4 0
16 2 0 16 2 0
16 2 0 16 2 0
20 8 0 20 8 0
12 2 0 12 2 0
16 8 0 16 8 0
26 8 0 26 8 0
24 3 0 24 3 0
27 12 0 27 12 0
23 11 0 23 11 0
30 2 0 30 2 0
26 1 0 26 1 0
13 3 0 13 3 0
20 11 0 20 11 0
18 5 0 18 5 0
24 8 0 24 8 0
17 9 0 17 9 0
22 4 0 22 4 0
28 9 0 28 9 0
18 9 0 18 9 0
19 7 0 19 7 0
26 5 0 26 5 0
17 1 0 17 1 0
26 7 0 26 7 0
27 6 0 27 6 0
11 5 0 11 5 0
18 4 0 18 4 0
11 4 0 11 4 0
28 14 0 28 14 0
25 13 0 25 13 0
