16 8 0 16 8 0
14 4 0 14 4 0
27 13 0 27 13 0
23 9 0 23 9 0
25 7 0 25 7 0
16 7 0 16 7 0
26 1 0 26 1 0
21 7 0 21 7 0
20 9 0 20 9 0
11 5 0 11 5 0
14 4 0 14 4 0
10 2 0 10 2 0
14 5 0 14 5 0
13 1 0 13 1 0
17 2 0 17 2 0
18 5 0 18 5 0
13 2 0 13 2 0
25 3 0 25 3 0
21 9 0 21 9 0
17 8 0 17 8 0
27 5 0 27 5 0
22 5 0 22 5 0
11 4 0 11 4 0
10 1 0 10 1 0
26 6 0 26 6 0
27 7 0 27 7 0
16 1 0 16 1 0
30 1 0 30 1 0
17 4 0 17 4 0
24 12 0 24 12 0
23 5 0 23 5 0
29 3 0 29 3 0
28 4 0 28 4 0
28 4 0 28 4 0
26 3 0 26 3 0
24 11 0 24 11 0
22 7 0 22 7 0
30 6 0 30 6 0
