15 2 0 15 2 0
30 8 0 30 8 0
16 7 0 16 7 0
13 5 0 13 5 0
18 2 0 18 2 0
16 4 0 16 4 0
15 3 0 15 3 0
21 9 0 21 9 0
14 2 0 14 2 0
20 7 0 20 7 0
25 8 0 25 8 0
14 7 0 14 7 0
17 9 0 17 9 0
28 11 0 28 11 0
22 10 0 22 10 0
16 1 0 16 1 0
21 3 0 21 3 0
28 2 0 28 2 0
20 9 0 20 9 0
11 3 0 11 3 0
25 2 0 25 2 0
14 1 0 14 1 0
22 11 0 22 11 0
10 3 0 10 3 0
27 9 0 27 9 0
16 1 0 16 1 0
18 2 0 18 2 0
15 7 0 15 7 0
16 3 0 16 3 0
21 2 0 21 2 0
28 1 0 28 1 0
14 2 0 14 2 0
29 15 0 29 15 0
20 2 0 20 2 0
15 8 0 15 8 0
25 13 0 25 13 0
12 6 0 12 6 0
