27 9 0 27 9 0
25 8 0 25 8 0
11 5 0 11 5 0
17 2 0 17 2 0
28 11 0 28 11 0
29 5 0 29 5 0
21 7 0 21 7 0
22 8 0 22 8 0
28 15 0 28 15 0
28 1 0 28 1 0
17 5 0 17 5 0
10 1 0 10 1 0
23 1 0 23 1 0
28 9 0 28 9 0
23 8 0 23 8 0
13 2 0 13 2 0
29 13 0 29 13 0
17 3 0 17 3 0
25 9 0 25 9 0
20 6 0 20 6 0
20 5 0 20 5 0
24 2 0 24 2 0
24 12 0 24 12 0
27 11 0 27 11 0
14 1 0 14 1 0
15 5 0 15 5 0
15 3 0 15 3 0
25 12 0 25 12 0
28 5 0 28 5 0
10 1 0 10 1 0
23 6 0 23 6 0
17 8 0 17 8 0
29 2 0 29 2 0
26 13 0 26 13 0
29 10 0 29 10 0
19 2 0 19 2 0
23 9 0 23 9 0
