30 5 0 30 5 0
23 9 0 23 9 0
24 3 0 24 3 0
18 1 0 18 1 0
12 2 0 12 2 0
23 6 0 23 6 0
24 10 0 24 10 0
14 1 0 14 1 0
29 9 0 29 9 0
24 3 0 24 3 0
20 10 0 20 10 0
26 5 0 26 5 0
20 4 0 20 4 0
12 3 0 12 3 0
21 10 0 21 10 0
22 10 0 22 10 0
16 7 0 16 7 0
30 9 0 30 9 0
12 6 0 12 6 0
11 6 0 11 6 0
21 8 0 21 8 0
24 6 0 24 6 0
15 6 0 15 6 0
11 4 0 11 4 0
18 6 0 18 6 0
25 7 0 25 7 0
17 9 0 17 9 0
20 1 0 20 1 0
21 1 0 21 1 0
10 4 0 10 4 0
30 5 0 30 5 0
20 2 0 20 2 0
11 4 0 11 4 0
25 2 0 25 2 0
12 1 0 12 1 0
23 11 0 23 11 0
