27 3 0 27 3 0
25 12 0 25 12 0
24 6 0 24 6 0
20 9 0 20 9 0
25 9 0 25 9 0
19 7 0 19 7 0
12 5 0 12 5 0
29 10 0 29 10 0
15 4 0 15 4 0
15 7 0 15 7 0
10 6 0 10 6 0
19 4 0 19 4 0
14 3 0 14 3 0
20 8 0 20 8 0
20 3 0 20 3 0
25 8 0 25 8 0
29 8 0 29 8 0
21 10 0 21 10 0
11 2 0 11 2 0
12 1 0 12 1 0
10 2 0 10 2 0
10 1 0 10 1 0
10 3 0 10 3 0
12 1 0 12 1 0
25 8 0 25 8 0
16 8 0 16 8 0
30 10 0 30 10 0
27 7 0 27 7 0
30 1 0 30 1 0
30 1 0 30 1 0
22 11 0 22 11 0
28 15 0 28 15 0
23 4 0 23 4 0
27 5 0 27 5 0
22 12 0 22 12 0
