20 5 0 20 5 0
15 6 0 15 6 0
21 11 0 21 11 0
16 3 0 16 3 0
22 8 0 22 8 0
29 5 0 29 5 0
16 1 0 16 1 0
29 12 0 29 12 0
13 4 0 13 4 0
28 6 0 28 6 0
11 1 0 11 1 0
11 6 0 11 6 0
24 1 0 24 1 0
25 2 0 25 2 0
24 7 0 24 7 0
20 3 0 20 3 0
30 6 0 30 6 0
25 7 0 25 7 0
24 10 0 24 10 0
25 8 0 25 8 0
12 1 0 12 1 0
18 2 0 18 2 0
13 1 0 13 1 0
24 4 0 24 4 0
25 3 0 25 3 0
20 4 0 20 4 0
17 2 0 17 2 0
21 10 0 21 10 0
23 10 0 23 10 0
28 9 0 28 9 0
16 5 0 16 5 0
16 2 0 16 2 0
29 3 0 29 3 0
20 11 0 20 11 0
11 6 0 11 6 0
21 11 0 21 11 0
23 4 0 23 4 0
19 4 0 19 4 0
22 10 0 22 10 0
