17 2 0 17 2 0
29 8 0 29 8 0
19 3 0 19 3 0
12 1 0 12 1 0
15 4 0 15 4 0
29 14 0 29 14 0
13 4 0 13 4 0
26 6 0 26 6 0
16 7 0 16 7 0
11 3 0 11 3 0
26 14 0 26 14 0
14 4 0 14 4 0
14 4 0 14 4 0
19 1 0 19 1 0
17 7 0 17 7 0
25 13 0 25 13 0
13 3 0 13 3 0
16 6 0 16 6 0
29 4 0 29 4 0
22 8 0 22 8 0
16 3 0 16 3 0
27 9 0 27 9 0
20 11 0 20 11 0
16 2 0 16 2 0
28 1 0 28 1 0
29 13 0 29 13 0
25 9 0 25 9 0
30 1 0 30 1 0
30 16 0 30 16 0
16 4 0 16 4 0
18 8 0 18 8 0
29 2 0 29 2 0
10 2 0 10 2 0
25 2 0 25 2 0
21 3 0 21 3 0
24 10 0 24 10 0
