11 3 0 11 3 0
24 3 0 24 3 0
27 2 0 27 2 0
28 12 0 28 12 0
19 3 0 19 3 0
30 4 0 30 4 0
22 1 0 22 1 0
16 1 0 16 1 0
11 4 0 11 4 0
15 6 0 15 6 0
27 5 0 27 5 0
26 5 0 26 5 0
12 4 0 12 4 0
26 1 0 26 1 0
19 4 0 19 4 0
13 2 0 13 2 0
19 9 0 19 9 0
28 8 0 28 8 0
22 9 0 22 9 0
11 3 0 11 3 0
15 1 0 15 1 0
18 4 0 18 4 0
10 4 0 10 4 0
17 3 0 17 3 0
30 2 0 30 2 0
29 8 0 29 8 0
16 9 0 16 9 0
19 6 0 19 6 0
12 1 0 12 1 0
14 3 0 14 3 0
18 2 0 18 2 0
21 1 0 21 1 0
12 7 0 12 7 0
29 13 0 29 13 0
24 4 0 24 4 0
27 2 0 27 2 0
25 6 0 25 6 0
16 3 0 16 3 0
23 2 0 23 2 0
23 1 0 23 1 0
15 8 0 15 8 0
14 7 0 14 7 0
