30 3 0 30 3 0
13 2 0 13 2 0
12 2 0 12 2 0
15 4 0 15 4 0
12 7 0 12 7 0
18 8 0 18 8 0
17 2 0 17 2 0
26 13 0 26 13 0
19 5 0 19 5 0
30 12 0 30 12 0
28 4 0 28 4 0
24 6 0 24 6 0
28 7 0 28 7 0
28 9 0 28 9 0
26 10 0 26 10 0
29 1 0 29 1 0
27 2 0 27 2 0
12 3 0 12 3 0
25 4 0 25 4 0
30 15 0 30 15 0
21 9 0 21 9 0
28 2 0 28 2 0
21 11 0 21 11 0
14 5 0 14 5 0
26 3 0 26 3 0
22 10 0 22 10 0
28 5 0 28 5 0
29 11 0 29 11 0
25 4 0 25 4 0
19 7 0 19 7 0
26 1 0 26 1 0
25 8 0 25 8 0
11 5 0 11 5 0
15 2 0 15 2 0
21 11 0 21 11 0
15 5 0 15 5 0
