11 2 0 11 2 0
25 2 0 25 2 0
18 1 0 18 1 0
29 7 0 29 7 0
26 12 0 26 12 0
20 1 0 20 1 0
14 5 0 14 5 0
24 3 0 24 3 0
12 2 0 12 2 0
14 5 0 14 5 0
25 4 0 25 4 0
17 6 0 17 6 0
30 2 0 30 2 0
14 4 0 14 4 0
13 2 0 13 2 0
14 8 0 14 8 0
29 13 0 29 13 0
27 5 0 27 5 0
14 7 0 14 7 0
12 3 0 12 3 0
24 10 0 24 10 0
23 12 0 23 12 0
28 7 0 28 7 0
16 7 0 16 7 0
17 9 0 17 9 0
12 6 0 12 6 0
11 2 0 11 2 0
26 1 0 26 1 0
30 1 0 30 1 0
15 1 0 15 1 0
27 6 0 27 6 0
14 5 0 14 5 0
27 10 0 27 10 0
12 5 0 12 5 0
29 10 0 29 10 0
16 3 0 16 3 0
30 10 0 30 10 0
