25 4 0 25 4 0
24 8 0 24 8 0
22 7 0 22 7 0
19 3 0 19 3 0
19 9 0 19 9 0
16 8 0 16 8 0
18 10 0 18 10 0
21 11 0 21 11 0
22 1 0 22 1 0
15 3 0 15 3 0
25 3 0 25 3 0
21 11 0 21 11 0
10 2 0 10 2 0
27 11 0 27 11 0
15 4 0 15 4 0
21 2 0 21 2 0
24 4 0 24 4 0
11 3 0 11 3 0
16 8 0 16 8 0
19 1 0 19 1 0
23 3 0 23 3 0
28 4 0 28 4 0
10 6 0 10 6 0
26 9 0 26 9 0
16 8 0 16 8 0
19 3 0 19 3 0
13 5 0 13 5 0
15 1 0 15 1 0
30 5 0 30 5 0
29 10 0 29 10 0
26 2 0 26 2 0
29 2 0 29 2 0
29 4 0 29 4 0
25 2 0 25 2 0
22 9 0 22 9 0
15 2 0 15 2 0
16 7 0 16 7 0
