21 9 0 21 9 0
16 4 0 16 4 0
18 2 0 18 2 0
25 13 0 25 13 0
10 6 0 10 6 0
25 7 0 25 7 0
13 6 0 13 6 0
29 5 0 29 5 0
24 11 0 24 11 0
23 3 0 23 3 0
11 3 0 11 3 0
25 4 0 25 4 0
13 3 0 13 3 0
30 5 0 30 5 0
24 6 0 24 6 0
11 3 0 11 3 0
30 13 0 30 13 0
14 5 0 14 5 0
26 6 0 26 6 0
15 4 0 15 4 0
23 7 0 23 7 0
16 1 0 16 1 0
14 2 0 14 2 0
25 6 0 25 6 0
20 1 0 20 1 0
15 8 0 15 8 0
13 5 0 13 5 0
29 1 0 29 1 0
28 7 0 28 7 0
24 2 0 24 2 0
21 9 0 21 9 0
10 6 0 10 6 0
25 8 0 25 8 0
19 5 0 19 5 0
16 1 0 16 1 0
15 1 0 15 1 0
19 6 0 19 6 0
