25 2 0 25 2 0
16 4 0 16 4 0
29 5 0 29 5 0
22 1 0 22 1 0
26 4 0 26 4 0
19 4 0 19 4 0
16 1 0 16 1 0
18 4 0 18 4 0
10 3 0 10 3 0
21 4 0 21 4 0
30 12 0 30 12 0
11 4 0 11 4 0
24 10 0 24 10 0
28 1 0 28 1 0
11 4 0 11 4 0
29 2 0 29 2 0
16 7 0 16 7 0
24 6 0 24 6 0
27 4 0 27 4 0
25 13 0 25 13 0
19 7 0 19 7 0
25 9 0 25 9 0
23 11 0 23 11 0
17 6 0 17 6 0
28 14 0 28 14 0
16 7 0 16 7 0
27 7 0 27 7 0
21 2 0 21 2 0
25 12 0 25 12 0
24 10 0 24 10 0
16 4 0 16 4 0
20 9 0 20 9 0
28 2 0 28 2 0
23 3 0 23 3 0
23 10 0 23 10 0
12 6 0 12 6 0
