23 1 0 23 1 0
26 5 0 26 5 0
24 8 0 24 8 0
15 2 0 15 2 0
18 4 0 18 4 0
22 1 0 22 1 0
25 7 0 25 7 0
19 3 0 19 3 0
18 4 0 18 4 0
14 7 0 14 7 0
15 3 0 15 3 0
13 3 0 13 3 0
16 9 0 16 9 0
11 2 0 11 2 0
18 8 0 18 8 0
11 1 0 11 1 0
26 8 0 26 8 0
10 3 0 10 3 0
12 1 0 12 1 0
30 11 0 30 11 0
29 3 0 29 3 0
12 5 0 12 5 0
25 4 0 25 4 0
26 1 0 26 1 0
13 3 0 13 3 0
11 2 0 11 2 0
28 3 0 28 3 0
10 3 0 10 3 0
18 8 0 18 8 0
27 5 0 27 5 0
12 5 0 12 5 0
24 4 0 24 4 0
12 1 0 12 1 0
10 2 0 10 2 0
30 2 0 30 2 0
11 6 0 11 6 0
25 13 0 25 13 0
21 7 0 21 7 0
11 6 0 11 6 0
19 7 0 19 7 0
