18 1 0 18 1 0
14 4 0 14 4 0
19 8 0 19 8 0
17 9 0 17 9 0
20 7 0 20 7 0
30 12 0 30 12 0
26 4 0 26 4 0
13 1 0 13 1 0
28 7 0 28 7 0
10 3 0 10 3 0
29 8 0 29 8 0
21 2 0 21 2 0
27 12 0 27 12 0
16 9 0 16 9 0
17 2 0 17 2 0
20 2 0 20 2 0
12 1 0 12 1 0
29 3 0 29 3 0
22 4 0 22 4 0
29 13 0 29 13 0
27 9 0 27 9 0
29 11 0 29 11 0
25 4 0 25 4 0
16 7 0 16 7 0
11 2 0 11 2 0
17 7 0 17 7 0
16 1 0 16 1 0
19 8 0 19 8 0
28 13 0 28 13 0
13 2 0 13 2 0
12 1 0 12 1 0
28 12 0 28 12 0
19 2 0 19 2 0
28 3 0 28 3 0
16 1 0 16 1 0
16 6 0 16 6 0
16 4 0 16 4 0
10 5 0 10 5 0
