29 2 0 29 2 0
29 13 0 29 13 0
13 5 0 13 5 0
30 13 0 30 13 0
10 3 0 10 3 0
30 15 0 30 15 0
17 1 0 17 1 0
26 7 0 26 7 0
28 8 0 28 8 0
25 5 0 25 5 0
13 3 0 13 3 0
28 3 0 28 3 0
16 3 0 16 3 0
11 5 0 11 5 0
26 4 0 26 4 0
16 3 0 16 3 0
24 4 0 24 4 0
17 4 0 17 4 0
30 16 0 30 16 0
12 2 0 12 2 0
20 4 0 20 4 0
30 3 0 30 3 0
29 1 0 29 1 0
17 7 0 17 7 0
10 3 0 10 3 0
27 14 0 27 14 0
21 10 0 21 10 0
12 2 0 12 2 0
28 5 0 28 5 0
19 2 0 19 2 0
25 2 0 25 2 0
15 2 0 15 2 0
21 4 0 21 4 0
25 12 0 25 12 0
15 7 0 15 7 0
15 5 0 15 5 0
12 3 0 12 3 0
17 8 0 17 8 0
