13 5 0 13 5 0
30 4 0 30 4 0
22 4 0 22 4 0
25 9 0 25 9 0
21 9 0 21 9 0
15 3 0 15 3 0
24 11 0 24 11 0
16 8 0 16 8 0
10 3 0 10 3 0
11 4 0 11 4 0
11 1 0 11 1 0
12 5 0 12 5 0
27 1 0 27 1 0
11 1 0 11 1 0
20 9 0 20 9 0
29 2 0 29 2 0
29 13 0 29 13 0
16 3 0 16 3 0
18 9 0 18 9 0
20 3 0 20 3 0
26 7 0 26 7 0
24 2 0 24 2 0
15 8 0 15 8 0
20 3 0 20 3 0
10 5 0 10 5 0
22 5 0 22 5 0
28 1 0 28 1 0
29 12 0 29 12 0
15 2 0 15 2 0
22 5 0 22 5 0
17 9 0 17 9 0
12 1 0 12 1 0
29 2 0 29 2 0
22 5 0 22 5 0
21 5 0 21 5 0
22 8 0 22 8 0
30 9 0 30 9 0
