16 7 0 16 7 0
24 11 0 24 11 0
28 7 0 28 7 0
24 10 0 24 10 0
19 8 0 19 8 0
12 5 0 12 5 0
25 9 0 25 9 0
29 6 0 29 6 0
12 6 0 12 6 0
24 11 0 24 11 0
17 4 0 17 4 0
14 2 0 14 2 0
30 2 0 30 2 0
30 3 0 30 3 0
18 6 0 18 6 0
23 3 0 23 3 0
20 1 0 20 1 0
29 4 0 29 4 0
20 1 0 20 1 0
24 10 0 24 10 0
26 13 0 26 13 0
19 3 0 19 3 0
30 9 0 30 9 0
25 2 0 25 2 0
10 1 0 10 1 0
12 6 0 12 6 0
11 3 0 11 3 0
17 8 0 17 8 0
14 7 0 14 7 0
18 5 0 18 5 0
29 12 0 29 12 0
26 2 0 26 2 0
19 6 0 19 6 0
20 8 0 20 8 0
22 7 0 22 7 0
