18 2 0 18 2 0
28 2 0 28 2 0
16 7 0 16 7 0
26 2 0 26 2 0
30 9 0 30 9 0
11 2 0 11 2 0
11 2 0 11 2 0
27 6 0 27 6 0
29 10 0 29 10 0
15 5 0 15 5 0
17 2 0 17 2 0
22 8 0 22 8 0
28 9 0 28 9 0
30 12 0 30 12 0
22 6 0 22 6 0
17 5 0 17 5 0
29 8 0 29 8 0
18 8 0 18 8 0
29 6 0 29 6 0
24 8 0 24 8 0
16 7 0 16 7 0
15 1 0 15 1 0
19 5 0 19 5 0
21 3 0 21 3 0
21 3 0 21 3 0
18 6 0 18 6 0
25 5 0 25 5 0
13 5 0 13 5 0
21 11 0 21 11 0
13 3 0 13 3 0
28 2 0 28 2 0
14 8 0 14 8 0
12 3 0 12 3 0
25 8 0 25 8 0
20 10 0 20 10 0
26 13 0 26 13 0
