29 11 0 29 11 0
15 4 0 15 4 0
27 2 0 27 2 0
16 2 0 16 2 0
14 6 0 14 6 0
13 5 0 13 5 0
25 8 0 25 8 0
13 7 0 13 7 0
17 1 0 17 1 0
15 3 0 15 3 0
28 2 0 28 2 0
11 4 0 11 4 0
22 12 0 22 12 0
30 7 0 30 7 0
14 3 0 14 3 0
15 5 0 15 5 0
17 1 0 17 1 0
17 9 0 17 9 0
27 10 0 27 10 0
10 3 0 10 3 0
25 13 0 25 13 0
10 6 0 10 6 0
16 1 0 16 1 0
22 7 0 22 7 0
27 4 0 27 4 0
17 8 0 17 8 0
14 1 0 14 1 0
20 2 0 20 2 0
26 10 0 26 10 0
24 6 0 24 6 0
29 5 0 29 5 0
18 6 0 18 6 0
21 8 0 21 8 0
17 1 0 17 1 0
10 6 0 10 6 0
