14 8 0 14 8 0
21 4 0 21 4 0
27 8 0 27 8 0
18 5 0 18 5 0
10 3 0 10 3 0
25 6 0 25 6 0
20 8 0 20 8 0
13 2 0 13 2 0
17 6 0 17 6 0
17 4 0 17 4 0
25 4 0 25 4 0
23 2 0 23 2 0
22 2 0 22 2 0
16 4 0 16 4 0
12 5 0 12 5 0
29 6 0 29 6 0
27 3 0 27 3 0
13 6 0 13 6 0
17 2 0 17 2 0
18 8 0 18 8 0
18 7 0 18 7 0
10 5 0 10 5 0
12 1 0 12 1 0
10 6 0 10 6 0
12 3 0 12 3 0
23 9 0 23 9 0
17 5 0 17 5 0
19 1 0 19 1 0
21 10 0 21 10 0
21 7 0 21 7 0
24 2 0 24 2 0
28 14 0 28 14 0
27 3 0 27 3 0
13 1 0 13 1 0
17 4 0 17 4 0
25 6 0 25 6 0
20 8 0 20 8 0
