25 10 0 25 10 0
19 8 0 19 8 0
20 5 0 20 5 0
13 1 0 13 1 0
12 1 0 12 1 0
20 2 0 20 2 0
11 2 0 11 2 0
19 2 0 19 2 0
18 8 0 18 8 0
21 6 0 21 6 0
21 3 0 21 3 0
23 9 0 23 9 0
13 5 0 13 5 0
16 5 0 16 5 0
18 4 0 18 4 0
28 15 0 28 15 0
27 10 0 27 10 0
12 1 0 12 1 0
10 1 0 10 1 0
10 5 0 10 5 0
15 1 0 15 1 0
10 5 0 10 5 0
17 3 0 17 3 0
19 1 0 19 1 0
18 10 0 18 10 0
17 3 0 17 3 0
24 5 0 24 5 0
29 7 0 29 7 0
30 8 0 30 8 0
14 7 0 14 7 0
27 3 0 27 3 0
12 5 0 12 5 0
10 2 0 10 2 0
12 6 0 12 6 0
20 2 0 20 2 0
27 2 0 27 2 0
27 14 0 27 14 0
