23 4 0 23 4 0
11 5 0 11 5 0
17 5 0 17 5 0
20 11 0 20 11 0
27 2 0 27 2 0
29 5 0 29 5 0
24 8 0 24 8 0
11 2 0 11 2 0
19 5 0 19 5 0
26 14 0 26 14 0
23 9 0 23 9 0
30 11 0 30 11 0
22 11 0 22 11 0
18 7 0 18 7 0
16 6 0 16 6 0
30 6 0 30 6 0
19 6 0 19 6 0
21 3 0 21 3 0
16 8 0 16 8 0
28 10 0 28 10 0
27 8 0 27 8 0
29 13 0 29 13 0
14 3 0 14 3 0
17 8 0 17 8 0
16 2 0 16 2 0
17 1 0 17 1 0
27 8 0 27 8 0
13 3 0 13 3 0
11 2 0 11 2 0
24 4 0 24 4 0
14 1 0 14 1 0
11 1 0 11 1 0
30 2 0 30 2 0
15 4 0 15 4 0
27 1 0 27 1 0
21 6 0 21 6 0
24 6 0 24 6 0
