22 8 0 22 8 0
17 2 0 17 2 0
24 3 0 24 3 0
30 2 0 30 2 0
27 14 0 27 14 0
25 3 0 25 3 0
14 3 0 14 3 0
10 6 0 10 6 0
12 2 0 12 2 0
16 5 0 16 5 0
13 4 0 13 4 0
11 5 0 11 5 0
15 1 0 15 1 0
17 5 0 17 5 0
30 3 0 30 3 0
24 3 0 24 3 0
28 5 0 28 5 0
19 1 0 19 1 0
25 5 0 25 5 0
11 4 0 11 4 0
19 2 0 19 2 0
11 1 0 11 1 0
14 4 0 14 4 0
29 14 0 29 14 0
29 7 0 29 7 0
12 7 0 12 7 0
15 2 0 15 2 0
21 9 0 21 9 0
10 2 0 10 2 0
25 11 0 25 11 0
14 6 0 14 6 0
11 6 0 11 6 0
23 11 0 23 11 0
17 8 0 17 8 0
21 3 0 21 3 0
20 5 0 20 5 0
