17 1 0 17 1 0
24 1 0 24 1 0
15 6 0 15 6 0
12 6 0 12 6 0
18 8 0 18 8 0
11 1 0 11 1 0
14 8 0 14 8 0
20 5 0 20 5 0
22 8 0 22 8 0
21 10 0 21 10 0
13 7 0 13 7 0
18 8 0 18 8 0
15 4 0 15 4 0
17 4 0 17 4 0
10 3 0 10 3 0
29 10 0 29 10 0
12 1 0 12 1 0
16 1 0 16 1 0
11 2 0 11 2 0
13 1 0 13 1 0
24 2 0 24 2 0
30 6 0 30 6 0
17 3 0 17 3 0
15 1 0 15 1 0
24 9 0 24 9 0
13 3 0 13 3 0
17 1 0 17 1 0
20 3 0 20 3 0
27 5 0 27 5 0
11 6 0 11 6 0
27 4 0 27 4 0
11 4 0 11 4 0
22 6 0 22 6 0
28 2 0 28 2 0
15 4 0 15 4 0
26 6 0 26 6 0
21 1 0 21 1 0
12 4 0 12 4 0
19 4 0 19 4 0
12 1 0 12 1 0
22 4 0 22 4 0
