19 6 0 19 6 0
21 9 0 21 9 0
28 2 0 28 2 0
27 12 0 27 12 0
21 4 0 21 4 0
15 8 0 15 8 0
14 8 0 14 8 0
25 4 0 25 4 0
15 2 0 15 2 0
15 2 0 15 2 0
29 3 0 29 3 0
30 16 0 30 16 0
29 9 0 29 9 0
30 2 0 30 2 0
12 6 0 12 6 0
25 12 0 25 12 0
16 5 0 16 5 0
18 10 0 18 10 0
23 7 0 23 7 0
24 13 0 24 13 0
11 2 0 11 2 0
30 12 0 30 12 0
18 1 0 18 1 0
24 5 0 24 5 0
14 5 0 14 5 0
20 5 0 20 5 0
12 3 0 12 3 0
20 8 0 20 8 0
13 2 0 13 2 0
27 5 0 27 5 0
17 1 0 17 1 0
11 4 0 11 4 0
28 1 0 28 1 0
21 3 0 21 3 0
18 7 0 18 7 0
