14 4 0 14 4 0
18 3 0 18 3 0
27 2 0 27 2 0
25 2 0 25 2 0
17 3 0 17 3 0
16 2 0 16 2 0
27 10 0 27 10 0
13 6 0 13 6 0
27 7 0 27 7 0
11 1 0 11 1 0
10 1 0 10 1 0
20 2 0 20 2 0
27 12 0 27 12 0
30 8 0 30 8 0
25 1 0 25 1 0
13 4 0 13 4 0
13 5 0 13 5 0
19 3 0 19 3 0
22 4 0 22 4 0
30 10 0 30 10 0
10 1 0 10 1 0
27 10 0 27 10 0
11 2 0 11 2 0
15 3 0 15 3 0
22 6 0 22 6 0
29 10 0 29 10 0
28 13 0 28 13 0
26 11 0 26 11 0
14 6 0 14 6 0
14 6 0 14 6 0
16 6 0 16 6 0
24 12 0 24 12 0
22 9 0 22 9 0
11 6 0 11 6 0
28 4 0 28 4 0
16 2 0 16 2 0
14 8 0 14 8 0
