21 7 0 21 7 0
12 6 0 12 6 0
16 2 0 16 2 0
24 1 0 24 1 0
29 2 0 29 2 0
12 7 0 12 7 0
27 3 0 27 3 0
14 6 0 14 6 0
25 8 0 25 8 0
28 11 0 28 11 0
21 6 0 21 6 0
26 1 0 26 1 0
10 3 0 10 3 0
17 9 0 17 9 0
28 6 0 28 6 0
16 6 0 16 6 0
10 2 0 10 2 0
17 3 0 17 3 0
24 1 0 24 1 0
16 5 0 16 5 0
26 13 0 26 13 0
25 2 0 25 2 0
12 5 0 12 5 0
17 7 0 17 7 0
30 14 0 30 14 0
25 3 0 25 3 0
30 11 0 30 11 0
26 12 0 26 12 0
11 2 0 11 2 0
25 2 0 25 2 0
12 7 0 12 7 0
30 3 0 30 3 0
12 4 0 12 4 0
22 4 0 22 4 0
18 5 0 18 5 0
20 6 0 20 6 0
