14 2 0 14 2 0
20 3 0 20 3 0
18 7 0 18 7 0
25 9 0 25 9 0
17 6 0 17 6 0
25 2 0 25 2 0
19 5 0 19 5 0
23 3 0 23 3 0
30 8 0 30 8 0
29 11 0 29 11 0
25 6 0 25 6 0
27 5 0 27 5 0
12 2 0 12 2 0
11 5 0 11 5 0
11 4 0 11 4 0
28 14 0 28 14 0
28 15 0 28 15 0
26 14 0 26 14 0
30 16 0 30 16 0
23 4 0 23 4 0
20 10 0 20 10 0
20 1 0 20 1 0
16 5 0 16 5 0
10 3 0 10 3 0
30 1 0 30 1 0
12 6 0 12 6 0
23 5 0 23 5 0
19 2 0 19 2 0
29 3 0 29 3 0
30 3 0 30 3 0
30 4 0 30 4 0
22 11 0 22 11 0
29 13 0 29 13 0
14 4 0 14 4 0
12 5 0 12 5 0
