13 2 0 13 2 0
11 4 0 11 4 0
22 4 0 22 4 0
11 2 0 11 2 0
21 1 0 21 1 0
21 10 0 21 10 0
20 8 0 20 8 0
16 5 0 16 5 0
22 5 0 22 5 0
11 1 0 11 1 0
24 1 0 24 1 0
14 1 0 14 1 0
27 7 0 27 7 0
30 5 0 30 5 0
14 2 0 14 2 0
13 1 0 13 1 0
30 6 0 30 6 0
23 4 0 23 4 0
20 10 0 20 10 0
20 4 0 20 4 0
12 7 0 12 7 0
17 9 0 17 9 0
17 4 0 17 4 0
19 4 0 19 4 0
25 10 0 25 10 0
14 4 0 14 4 0
14 6 0 14 6 0
11 2 0 11 2 0
10 6 0 10 6 0
30 15 0 30 15 0
17 7 0 17 7 0
29 9 0 29 9 0
26 6 0 26 6 0
29 5 0 29 5 0
27 2 0 27 2 0
10 2 0 10 2 0
22 12 0 22 12 0
