30 8 0 30 8 0
18 9 0 18 9 0
20 8 0 20 8 0
18 2 0 18 2 0
22 7 0 22 7 0
10 2 0 10 2 0
19 5 0 19 5 0
23 4 0 23 4 0
15 8 0 15 8 0
19 2 0 19 2 0
10 5 0 10 5 0
10 1 0 10 1 0
18 8 0 18 8 0
25 5 0 25 5 0
19 9 0 19 9 0
11 1 0 11 1 0
14 7 0 14 7 0
12 4 0 12 4 0
28 2 0 28 2 0
26 10 0 26 10 0
17 5 0 17 5 0
11 3 0 11 3 0
11 3 0 11 3 0
10 2 0 10 2 0
26 6 0 26 6 0
15 1 0 15 1 0
14 1 0 14 1 0
16 3 0 16 3 0
14 2 0 14 2 0
24 7 0 24 7 0
14 5 0 14 5 0
23 6 0 23 6 0
13 1 0 13 1 0
30 13 0 30 13 0
21 2 0 21 2 0
29 4 0 29 4 0
29 14 0 29 14 0
14 7 0 14 7 0
