17 8 0 17 8 0
11 3 0 11 3 0
30 11 0 30 11 0
10 6 0 10 6 0
23 12 0 23 12 0
20 4 0 20 4 0
22 1 0 22 1 0
15 6 0 15 6 0
12 2 0 12 2 0
29 11 0 29 11 0
25 9 0 25 9 0
26 7 0 26 7 0
16 9 0 16 9 0
30 2 0 30 2 0
29 4 0 29 4 0
30 14 0 30 14 0
22 1 0 22 1 0
10 3 0 10 3 0
25 7 0 25 7 0
10 4 0 10 4 0
21 11 0 21 11 0
21 5 0 21 5 0
30 4 0 30 4 0
19 3 0 19 3 0
12 3 0 12 3 0
28 2 0 28 2 0
17 9 0 17 9 0
25 8 0 25 8 0
26 10 0 26 10 0
23 12 0 23 12 0
29 2 0 29 2 0
24 3 0 24 3 0
12 2 0 12 2 0
25 1 0 25 1 0
22 6 0 22 6 0
