22 12 0 22 12 0
28 5 0 28 5 0
16 4 0 16 4 0
21 1 0 21 1 0
27 14 0 27 14 0
11 4 0 11 4 0
10 3 0 10 3 0
29 4 0 29 4 0
22 8 0 22 8 0
18 3 0 18 3 0
19 10 0 19 10 0
27 5 0 27 5 0
28 10 0 28 10 0
16 8 0 16 8 0
24 7 0 24 7 0
29 11 0 29 11 0
24 6 0 24 6 0
17 1 0 17 1 0
23 5 0 23 5 0
17 8 0 17 8 0
19 8 0 19 8 0
30 7 0 30 7 0
13 3 0 13 3 0
26 8 0 26 8 0
18 8 0 18 8 0
23 3 0 23 3 0
29 9 0 29 9 0
12 3 0 12 3 0
23 3 0 23 3 0
13 2 0 13 2 0
26 3 0 26 3 0
23 3 0 23 3 0
24 6 0 24 6 0
28 7 0 28 7 0
27 1 0 27 1 0
28 15 0 28 15 0
