11 3 0 11 3 0
13 5 0 13 5 0
10 5 0 10 5 0
20 6 0 20 6 0
18 7 0 18 7 0
12 1 0 12 1 0
23 4 0 23 4 0
12 3 0 12 3 0
25 3 0 25 3 0
22 5 0 22 5 0
18 3 0 18 3 0
20 5 0 20 5 0
16 7 0 16 7 0
24 7 0 24 7 0
30 5 0 30 5 0
26 14 0 26 14 0
23 8 0 23 8 0
12 1 0 12 1 0
13 6 0 13 6 0
16 7 0 16 7 0
18 4 0 18 4 0
26 13 0 26 13 0
14 1 0 14 1 0
20 6 0 20 6 0
21 6 0 21 6 0
20 10 0 20 10 0
13 5 0 13 5 0
27 1 0 27 1 0
12 3 0 12 3 0
15 2 0 15 2 0
15 6 0 15 6 0
18 2 0 18 2 0
14 3 0 14 3 0
27 6 0 27 6 0
11 5 0 11 5 0
20 6 0 20 6 0
