22 12 0 22 12 0
10 5 0 10 5 0
14 4 0 14 4 0
23 11 0 23 11 0
30 8 0 30 8 0
11 6 0 11 6 0
27 2 0 27 2 0
24 10 0 24 10 0
23 3 0 23 3 0
25 1 0 25 1 0
20 7 0 20 7 0
13 2 0 13 2 0
25 9 0 25 9 0
13 4 0 13 4 0
13 2 0 13 2 0
22 1 0 22 1 0
12 3 0 12 3 0
29 6 0 29 6 0
24 1 0 24 1 0
27 5 0 27 5 0
17 7 0 17 7 0
13 5 0 13 5 0
28 7 0 28 7 0
24 13 0 24 13 0
11 3 0 11 3 0
22 1 0 22 1 0
24 4 0 24 4 0
19 2 0 19 2 0
27 2 0 27 2 0
20 2 0 20 2 0
20 7 0 20 7 0
11 1 0 11 1 0
10 5 0 10 5 0
23 1 0 23 1 0
13 4 0 13 4 0
14 2 0 14 2 0
28 6 0 28 6 0
23 8 0 23 8 0
16 7 0 16 7 0
