29 11 0 29 11 0
23 6 0 23 6 0
27 14 0 27 14 0
19 10 0 19 10 0
29 8 0 29 8 0
12 4 0 12 4 0
20 9 0 20 9 0
10 2 0 10 2 0
26 8 0 26 8 0
14 3 0 14 3 0
15 4 0 15 4 0
12 2 0 12 2 0
26 13 0 26 13 0
23 10 0 23 10 0
13 7 0 13 7 0
15 1 0 15 1 0
14 7 0 14 7 0
24 4 0 24 4 0
14 1 0 14 1 0
23 1 0 23 1 0
18 5 0 18 5 0
15 6 0 15 6 0
22 6 0 22 6 0
14 1 0 14 1 0
17 7 0 17 7 0
26 7 0 26 7 0
14 4 0 14 4 0
20 5 0 20 5 0
17 9 0 17 9 0
20 1 0 20 1 0
26 10 0 26 10 0
27 2 0 27 2 0
19 1 0 19 1 0
16 1 0 16 1 0
16 7 0 16 7 0
