23 6 0 23 6 0
21 8 0 21 8 0
30 3 0 30 3 0
23 4 0 23 4 0
17 1 0 17 1 0
29 10 0 29 10 0
26 11 0 26 11 0
10 2 0 10 2 0
24 2 0 24 2 0
29 4 0 29 4 0
25 9 0 25 9 0
22 9 0 22 9 0
15 1 0 15 1 0
14 5 0 14 5 0
14 5 0 14 5 0
17 8 0 17 8 0
19 4 0 19 4 0
23 6 0 23 6 0
30 4 0 30 4 0
14 2 0 14 2 0
29 11 0 29 11 0
21 11 0 21 11 0
22 2 0 22 2 0
24 5 0 24 5 0
21 7 0 21 7 0
15 3 0 15 3 0
30 15 0 30 15 0
10 4 0 10 4 0
17 4 0 17 4 0
17 1 0 17 1 0
18 4 0 18 4 0
13 5 0 13 5 0
22 4 0 22 4 0
13 5 0 13 5 0
20 2 0 20 2 0
14 1 0 14 1 0
26 7 0 26 7 0
26 10 0 26 10 0
19 1 0 19 1 0
11 2 0 11 2 0
