17 6 0 17 6 0
14 8 0 14 8 0
13 3 0 13 3 0
12 1 0 12 1 0
21 6 0 21 6 0
16 3 0 16 3 0
22 5 0 22 5 0
20 5 0 20 5 0
12 5 0 12 5 0
10 4 0 10 4 0
11 1 0 11 1 0
28 7 0 28 7 0
15 4 0 15 4 0
14 2 0 14 2 0
12 1 0 12 1 0
21 5 0 21 5 0
24 2 0 24 2 0
24 7 0 24 7 0
11 1 0 11 1 0
11 3 0 11 3 0
22 3 0 22 3 0
30 7 0 30 7 0
27 4 0 27 4 0
29 3 0 29 3 0
12 7 0 12 7 0
18 2 0 18 2 0
21 5 0 21 5 0
23 5 0 23 5 0
15 8 0 15 8 0
21 3 0 21 3 0
27 8 0 27 8 0
17 7 0 17 7 0
13 2 0 13 2 0
11 2 0 11 2 0
18 10 0 18 10 0
21 5 0 21 5 0
10 4 0 10 4 0
24 11 0 24 11 0
15 7 0 15 7 0
