20 8 0 20 8 0
16 2 0 16 2 0
30 14 0 30 14 0
11 4 0 11 4 0
20 6 0 20 6 0
21 1 0 21 1 0
16 2 0 16 2 0
10 2 0 10 2 0
22 12 0 22 12 0
25 2 0 25 2 0
12 1 0 12 1 0
27 2 0 27 2 0
18 5 0 18 5 0
12 5 0 12 5 0
19 2 0 19 2 0
14 1 0 14 1 0
21 7 0 21 7 0
25 7 0 25 7 0
13 3 0 13 3 0
27 13 0 27 13 0
13 3 0 13 3 0
15 6 0 15 6 0
21 8 0 21 8 0
27 7 0 27 7 0
21 1 0 21 1 0
16 3 0 16 3 0
13 1 0 13 1 0
25 6 0 25 6 0
29 2 0 29 2 0
10 6 0 10 6 0
19 10 0 19 10 0
23 2 0 23 2 0
29 10 0 29 10 0
10 1 0 10 1 0
23 2 0 23 2 0
24 8 0 24 8 0
20 3 0 20 3 0
30 13 0 30 13 0
16 1 0 16 1 0
12 2 0 12 2 0
12 2 0 12 2 0
10 6 0 10 6 0
