23 1 0 23 1 0
17 4 0 17 4 0
23 12 0 23 12 0
29 14 0 29 14 0
14 5 0 14 5 0
16 5 0 16 5 0
23 5 0 23 5 0
22 4 0 22 4 0
13 2 0 13 2 0
21 1 0 21 1 0
20 9 0 20 9 0
28 10 0 28 10 0
17 2 0 17 2 0
12 7 0 12 7 0
12 2 0 12 2 0
14 2 0 14 2 0
25 10 0 25 10 0
27 11 0 27 11 0
29 8 0 29 8 0
28 2 0 28 2 0
17 6 0 17 6 0
26 5 0 26 5 0
24 13 0 24 13 0
18 7 0 18 7 0
15 1 0 15 1 0
29 6 0 29 6 0
14 1 0 14 1 0
11 2 0 11 2 0
16 7 0 16 7 0
25 10 0 25 10 0
27 10 0 27 10 0
26 12 0 26 12 0
19 1 0 19 1 0
10 3 0 10 3 0
27 11 0 27 11 0
17 9 0 17 9 0
