24 13 0 24 13 0
26 11 0 26 11 0
11 4 0 11 4 0
23 3 0 23 3 0
18 2 0 18 2 0
22 6 0 22 6 0
11 1 0 11 1 0
13 2 0 13 2 0
24 11 0 24 11 0
25 1 0 25 1 0
19 7 0 19 7 0
23 12 0 23 12 0
25 5 0 25 5 0
10 1 0 10 1 0
11 1 0 11 1 0
14 6 0 14 6 0
10 2 0 10 2 0
11 3 0 11 3 0
19 9 0 19 9 0
21 5 0 21 5 0
10 1 0 10 1 0
12 4 0 12 4 0
24 8 0 24 8 0
29 5 0 29 5 0
26 3 0 26 3 0
15 4 0 15 4 0
21 8 0 21 8 0
11 1 0 11 1 0
10 3 0 10 3 0
11 1 0 11 1 0
22 8 0 22 8 0
20 8 0 20 8 0
15 7 0 15 7 0
17 3 0 17 3 0
20 3 0 20 3 0
16 2 0 16 2 0
21 10 0 21 10 0
24 2 0 24 2 0
19 7 0 19 7 0
