25 7 0 25 7 0
21 3 0 21 3 0
17 3 0 17 3 0
20 11 0 20 11 0
30 13 0 30 13 0
26 11 0 26 11 0
24 12 0 24 12 0
15 1 0 15 1 0
30 5 0 30 5 0
11 2 0 11 2 0
27 9 0 27 9 0
14 4 0 14 4 0
29 10 0 29 10 0
23 7 0 23 7 0
10 1 0 10 1 0
14 7 0 14 7 0
28 10 0 28 10 0
29 12 0 29 12 0
18 7 0 18 7 0
26 11 0 26 11 0
11 1 0 11 1 0
24 5 0 24 5 0
30 6 0 30 6 0
23 1 0 23 1 0
14 2 0 14 2 0
20 4 0 20 4 0
13 7 0 13 7 0
16 2 0 16 2 0
12 6 0 12 6 0
12 1 0 12 1 0
16 4 0 16 4 0
15 2 0 15 2 0
25 10 0 25 10 0
21 3 0 21 3 0
24 11 0 24 11 0
29 7 0 29 7 0
