16 5 0 16 5 0
24 11 0 24 11 0
24 1 0 24 1 0
14 3 0 14 3 0
20 1 0 20 1 0
29 11 0 29 11 0
12 3 0 12 3 0
11 1 0 11 1 0
23 3 0 23 3 0
29 9 0 29 9 0
29 4 0 29 4 0
27 3 0 27 3 0
14 4 0 14 4 0
21 6 0 21 6 0
29 3 0 29 3 0
27 9 0 27 9 0
22 2 0 22 2 0
23 9 0 23 9 0
13 5 0 13 5 0
29 4 0 29 4 0
20 7 0 20 7 0
25 1 0 25 1 0
19 3 0 19 3 0
30 1 0 30 1 0
14 4 0 14 4 0
19 5 0 19 5 0
19 6 0 19 6 0
11 1 0 11 1 0
24 7 0 24 7 0
17 7 0 17 7 0
22 6 0 22 6 0
20 1 0 20 1 0
24 7 0 24 7 0
30 2 0 30 2 0
22 2 0 22 2 0
24 6 0 24 6 0
12 3 0 12 3 0
13 5 0 13 5 0
28 3 0 28 3 0
27 4 0 27 4 0
13 7 0 13 7 0
13 4 0 13 4 0
26 4 0 26 4 0
23 4 0 23 4 0
20 4 0 20 4 0
