24 11 0 24 11 0
25 10 0 25 10 0
11 3 0 11 3 0
14 7 0 14 7 0
29 4 0 29 4 0
29 11 0 29 11 0
25 7 0 25 7 0
13 6 0 13 6 0
23 12 0 23 12 0
27 9 0 27 9 0
30 2 0 30 2 0
20 4 0 20 4 0
16 4 0 16 4 0
17 7 0 17 7 0
25 10 0 25 10 0
11 3 0 11 3 0
22 5 0 22 5 0
16 6 0 16 6 0
21 7 0 21 7 0
10 2 0 10 2 0
10 3 0 10 3 0
19 1 0 19 1 0
29 13 0 29 13 0
18 2 0 18 2 0
10 2 0 10 2 0
14 3 0 14 3 0
30 9 0 30 9 0
26 3 0 26 3 0
13 1 0 13 1 0
15 1 0 15 1 0
13 1 0 13 1 0
12 4 0 12 4 0
17 5 0 17 5 0
14 4 0 14 4 0
23 2 0 23 2 0
19 5 0 19 5 0
12 4 0 12 4 0
