16 3 0 16 3 0
20 4 0 20 4 0
14 1 0 14 1 0
27 12 0 27 12 0
24 1 0 24 1 0
15 7 0 15 7 0
24 8 0 24 8 0
28 11 0 28 11 0
17 6 0 17 6 0
14 6 0 14 6 0
27 5 0 27 5 0
30 11 0 30 11 0
25 10 0 25 10 0
30 7 0 30 7 0
19 5 0 19 5 0
24 6 0 24 6 0
15 1 0 15 1 0
24 12 0 24 12 0
21 1 0 21 1 0
17 8 0 17 8 0
19 4 0 19 4 0
11 1 0 11 1 0
22 3 0 22 3 0
15 3 0 15 3 0
30 6 0 30 6 0
15 4 0 15 4 0
24 11 0 24 11 0
15 1 0 15 1 0
15 8 0 15 8 0
18 9 0 18 9 0
28 13 0 28 13 0
23 10 0 23 10 0
21 8 0 21 8 0
26 6 0 26 6 0
24 8 0 24 8 0
