23 8 0 23 8 0
17 9 0 17 9 0
22 11 0 22 11 0
21 2 0 21 2 0
25 11 0 25 11 0
20 4 0 20 4 0
21 3 0 21 3 0
19 2 0 19 2 0
26 12 0 26 12 0
13 2 0 13 2 0
14 1 0 14 1 0
23 9 0 23 9 0
24 10 0 24 10 0
28 5 0 28 5 0
14 6 0 14 6 0
17 5 0 17 5 0
12 1 0 12 1 0
14 7 0 14 7 0
21 10 0 21 10 0
21 9 0 21 9 0
11 3 0 11 3 0
25 4 0 25 4 0
30 12 0 30 12 0
30 3 0 30 3 0
19 6 0 19 6 0
24 8 0 24 8 0
15 5 0 15 5 0
25 6 0 25 6 0
23 8 0 23 8 0
11 5 0 11 5 0
17 5 0 17 5 0
26 3 0 26 3 0
17 1 0 17 1 0
16 4 0 16 4 0
10 1 0 10 1 0
