24 2 0 24 2 0
24 3 0 24 3 0
24 4 0 24 4 0
29 9 0 29 9 0
12 4 0 12 4 0
21 11 0 21 11 0
19 1 0 19 1 0
22 4 0 22 4 0
19 9 0 19 9 0
21 10 0 21 10 0
16 2 0 16 2 0
28 14 0 28 14 0
20 3 0 20 3 0
10 4 0 10 4 0
21 2 0 21 2 0
25 6 0 25 6 0
23 6 0 23 6 0
15 3 0 15 3 0
15 5 0 15 5 0
26 5 0 26 5 0
10 1 0 10 1 0
11 1 0 11 1 0
13 7 0 13 7 0
22 9 0 22 9 0
16 2 0 16 2 0
28 4 0 28 4 0
22 3 0 22 3 0
25 13 0 25 13 0
11 5 0 11 5 0
28 11 0 28 11 0
25 11 0 25 11 0
14 5 0 14 5 0
18 9 0 18 9 0
28 1 0 28 1 0
22 1 0 22 1 0
10 4 0 10 4 0
25 7 0 25 7 0
