22 10 0 22 10 0
11 2 0 11 2 0
23 7 0 23 7 0
17 8 0 17 8 0
23 9 0 23 9 0
18 6 0 18 6 0
28 6 0 28 6 0
14 5 0 14 5 0
27 2 0 27 2 0
11 4 0 11 4 0
23 1 0 23 1 0
10 1 0 10 1 0
16 1 0 16 1 0
10 2 0 10 2 0
10 6 0 10 6 0
27 5 0 27 5 0
11 5 0 11 5 0
30 5 0 30 5 0
22 6 0 22 6 0
15 4 0 15 4 0
26 3 0 26 3 0
12 6 0 12 6 0
28 4 0 28 4 0
28 5 0 28 5 0
19 3 0 19 3 0
11 1 0 11 1 0
21 9 0 21 9 0
17 6 0 17 6 0
17 7 0 17 7 0
10 4 0 10 4 0
10 2 0 10 2 0
19 4 0 19 4 0
19 10 0 19 10 0
24 9 0 24 9 0
12 2 0 12 2 0
19 10 0 19 10 0
