23 2 0 23 2 0
13 3 0 13 3 0
11 6 0 11 6 0
27 13 0 27 13 0
20 10 0 20 10 0
20 9 0 20 9 0
20 1 0 20 1 0
29 6 0 29 6 0
22 1 0 22 1 0
28 3 0 28 3 0
16 2 0 16 2 0
30 7 0 30 7 0
10 4 0 10 4 0
30 16 0 30 16 0
17 3 0 17 3 0
20 5 0 20 5 0
24 11 0 24 11 0
26 5 0 26 5 0
13 6 0 13 6 0
10 2 0 10 2 0
24 9 0 24 9 0
12 1 0 12 1 0
18 9 0 18 9 0
23 3 0 23 3 0
11 5 0 11 5 0
19 8 0 19 8 0
15 2 0 15 2 0
17 2 0 17 2 0
27 4 0 27 4 0
23 7 0 23 7 0
28 2 0 28 2 0
27 5 0 27 5 0
25 3 0 25 3 0
19 5 0 19 5 0
20 9 0 20 9 0
28 3 0 28 3 0
29 3 0 29 3 0
16 7 0 16 7 0
