25 1 0 25 1 0
22 1 0 22 1 0
27 7 0 27 7 0
27 2 0 27 2 0
16 1 0 16 1 0
13 4 0 13 4 0
27 10 0 27 10 0
28 4 0 28 4 0
18 5 0 18 5 0
25 7 0 25 7 0
23 8 0 23 8 0
19 2 0 19 2 0
21 1 0 21 1 0
16 4 0 16 4 0
22 11 0 22 11 0
11 6 0 11 6 0
13 3 0 13 3 0
22 9 0 22 9 0
27 11 0 27 11 0
24 10 0 24 10 0
10 6 0 10 6 0
21 1 0 21 1 0
19 2 0 19 2 0
14 7 0 14 7 0
10 4 0 10 4 0
28 9 0 28 9 0
26 9 0 26 9 0
17 1 0 17 1 0
23 8 0 23 8 0
25 11 0 25 11 0
27 12 0 27 12 0
13 3 0 13 3 0
26 2 0 26 2 0
12 3 0 12 3 0
26 13 0 26 13 0
27 6 0 27 6 0
