22 10 0 22 10 0
29 1 0 29 1 0
19 2 0 19 2 0
16 4 0 16 4 0
17 5 0 17 5 0
21 7 0 21 7 0
15 6 0 15 6 0
21 3 0 21 3 0
21 2 0 21 2 0
27 10 0 27 10 0
13 2 0 13 2 0
14 7 0 14 7 0
22 5 0 22 5 0
18 3 0 18 3 0
27 12 0 27 12 0
26 2 0 26 2 0
19 8 0 19 8 0
13 2 0 13 2 0
24 1 0 24 1 0
15 5 0 15 5 0
26 14 0 26 14 0
29 6 0 29 6 0
16 3 0 16 3 0
19 1 0 19 1 0
12 6 0 12 6 0
29 11 0 29 11 0
28 14 0 28 14 0
20 7 0 20 7 0
30 5 0 30 5 0
10 5 0 10 5 0
24 4 0 24 4 0
17 5 0 17 5 0
16 1 0 16 1 0
21 6 0 21 6 0
28 5 0 28 5 0
29 4 0 29 4 0
23 1 0 23 1 0
13 1 0 13 1 0
11 1 0 11 1 0
11 5 0 11 5 0
