12 1 0 12 1 0
22 11 0 22 11 0
27 5 0 27 5 0
14 3 0 14 3 0
26 6 0 26 6 0
12 2 0 12 2 0
22 3 0 22 3 0
23 3 0 23 3 0
10 6 0 10 6 0
11 3 0 11 3 0
20 4 0 20 4 0
16 6 0 16 6 0
19 7 0 19 7 0
26 9 0 26 9 0
11 6 0 11 6 0
23 4 0 23 4 0
27 10 0 27 10 0
10 5 0 10 5 0
27 1 0 27 1 0
30 4 0 30 4 0
23 4 0 23 4 0
14 1 0 14 1 0
20 5 0 20 5 0
29 2 0 29 2 0
21 7 0 21 7 0
23 10 0 23 10 0
21 11 0 21 11 0
17 2 0 17 2 0
13 1 0 13 1 0
28 8 0 28 8 0
19 2 0 19 2 0
17 9 0 17 9 0
10 3 0 10 3 0
12 4 0 12 4 0
25 9 0 25 9 0
18 4 0 18 4 0
30 13 0 30 13 0
