24 9 0 24 9 0
22 8 0 22 8 0
23 10 0 23 10 0
25 12 0 25 12 0
17 2 0 17 2 0
21 7 0 21 7 0
24 6 0 24 6 0
22 2 0 22 2 0
24 7 0 24 7 0
28 10 0 28 10 0
19 5 0 19 5 0
20 1 0 20 1 0
27 7 0 27 7 0
15 6 0 15 6 0
11 5 0 11 5 0
13 3 0 13 3 0
23 2 0 23 2 0
26 14 0 26 14 0
25 6 0 25 6 0
30 8 0 30 8 0
18 4 0 18 4 0
19 6 0 19 6 0
23 12 0 23 12 0
12 3 0 12 3 0
12 6 0 12 6 0
30 4 0 30 4 0
27 2 0 27 2 0
15 2 0 15 2 0
25 7 0 25 7 0
20 4 0 20 4 0
10 3 0 10 3 0
20 2 0 20 2 0
21 8 0 21 8 0
10 3 0 10 3 0
26 8 0 26 8 0
19 1 0 19 1 0
29 5 0 29 5 0
