23 12 0 23 12 0
21 6 0 21 6 0
11 1 0 11 1 0
26 4 0 26 4 0
20 3 0 20 3 0
27 1 0 27 1 0
28 1 0 28 1 0
29 6 0 29 6 0
29 6 0 29 6 0
29 5 0 29 5 0
12 7 0 12 7 0
27 12 0 27 12 0
18 4 0 18 4 0
14 8 0 14 8 0
22 6 0 22 6 0
12 7 0 12 7 0
17 3 0 17 3 0
11 4 0 11 4 0
26 1 0 26 1 0
21 3 0 21 3 0
19 10 0 19 10 0
15 1 0 15 1 0
17 3 0 17 3 0
13 2 0 13 2 0
24 6 0 24 6 0
18 9 0 18 9 0
23 9 0 23 9 0
29 4 0 29 4 0
25 9 0 25 9 0
11 4 0 11 4 0
30 12 0 30 12 0
15 6 0 15 6 0
16 1 0 16 1 0
26 12 0 26 12 0
28 8 0 28 8 0
17 7 0 17 7 0
