25 4 0 25 4 0
11 4 0 11 4 0
12 4 0 12 4 0
20 2 0 20 2 0
27 12 0 27 12 0
29 4 0 29 4 0
29 2 0 29 2 0
26 2 0 26 2 0
27 11 0 27 11 0
30 16 0 30 16 0
23 10 0 23 10 0
20 6 0 20 6 0
20 11 0 20 11 0
20 6 0 20 6 0
11 5 0 11 5 0
18 1 0 18 1 0
19 2 0 19 2 0
16 4 0 16 4 0
11 5 0 11 5 0
23 6 0 23 6 0
30 10 0 30 10 0
12 2 0 12 2 0
10 2 0 10 2 0
28 8 0 28 8 0
10 3 0 10 3 0
17 3 0 17 3 0
24 7 0 24 7 0
23 9 0 23 9 0
10 3 0 10 3 0
19 4 0 19 4 0
25 9 0 25 9 0
21 9 0 21 9 0
25 2 0 25 2 0
21 6 0 21 6 0
12 3 0 12 3 0
23 3 0 23 3 0
28 10 0 28 10 0
