30 1 0 30 1 0
24 3 0 24 3 0
17 1 0 17 1 0
14 3 0 14 3 0
20 10 0 20 10 0
23 4 0 23 4 0
24 12 0 24 12 0
18 1 0 18 1 0
28 3 0 28 3 0
24 10 0 24 10 0
27 8 0 27 8 0
12 6 0 12 6 0
18 10 0 18 10 0
17 2 0 17 2 0
17 4 0 17 4 0
29 7 0 29 7 0
12 2 0 12 2 0
22 4 0 22 4 0
25 4 0 25 4 0
16 6 0 16 6 0
13 4 0 13 4 0
18 10 0 18 10 0
16 3 0 16 3 0
23 10 0 23 10 0
30 6 0 30 6 0
12 6 0 12 6 0
28 1 0 28 1 0
11 2 0 11 2 0
21 10 0 21 10 0
28 4 0 28 4 0
22 12 0 22 12 0
25 3 0 25 3 0
20 9 0 20 9 0
11 3 0 11 3 0
29 10 0 29 10 0
26 4 0 26 4 0
17 7 0 17 7 0
