18 8 0 18 8 0
16 5 0 16 5 0
16 7 0 16 7 0
23 3 0 23 3 0
27 3 0 27 3 0
26 2 0 26 2 0
21 11 0 21 11 0
30 14 0 30 14 0
17 9 0 17 9 0
24 2 0 24 2 0
19 1 0 19 1 0
19 5 0 19 5 0
26 14 0 26 14 0
19 9 0 19 9 0
18 1 0 18 1 0
13 6 0 13 6 0
26 5 0 26 5 0
12 7 0 12 7 0
21 3 0 21 3 0
14 2 0 14 2 0
27 9 0 27 9 0
17 1 0 17 1 0
17 3 0 17 3 0
20 3 0 20 3 0
18 10 0 18 10 0
28 5 0 28 5 0
18 10 0 18 10 0
28 8 0 28 8 0
25 3 0 25 3 0
21 4 0 21 4 0
26 13 0 26 13 0
18 1 0 18 1 0
10 1 0 10 1 0
25 6 0 25 6 0
30 1 0 30 1 0
18 10 0 18 10 0
