23 5 0 23 5 0
29 15 0 29 15 0
29 11 0 29 11 0
19 5 0 19 5 0
28 4 0 28 4 0
18 8 0 18 8 0
11 1 0 11 1 0
15 1 0 15 1 0
22 5 0 22 5 0
18 8 0 18 8 0
24 4 0 24 4 0
28 7 0 28 7 0
10 1 0 10 1 0
20 1 0 20 1 0
17 2 0 17 2 0
11 3 0 11 3 0
17 3 0 17 3 0
28 15 0 28 15 0
28 15 0 28 15 0
11 3 0 11 3 0
24 10 0 24 10 0
27 14 0 27 14 0
13 6 0 13 6 0
22 1 0 22 1 0
18 1 0 18 1 0
24 2 0 24 2 0
24 3 0 24 3 0
29 7 0 29 7 0
24 4 0 24 4 0
22 11 0 22 11 0
19 2 0 19 2 0
28 2 0 28 2 0
23 7 0 23 7 0
12 5 0 12 5 0
23 9 0 23 9 0
25 1 0 25 1 0
14 8 0 14 8 0
17 3 0 17 3 0
10 3 0 10 3 0
