18 9 0 18 9 0
10 4 0 10 4 0
28 15 0 28 15 0
20 6 0 20 6 0
17 5 0 17 5 0
16 3 0 16 3 0
26 3 0 26 3 0
11 2 0 11 2 0
19 2 0 19 2 0
25 2 0 25 2 0
15 8 0 15 8 0
19 5 0 19 5 0
24 5 0 24 5 0
28 15 0 28 15 0
13 2 0 13 2 0
19 3 0 19 3 0
11 1 0 11 1 0
22 2 0 22 2 0
28 8 0 28 8 0
25 12 0 25 12 0
26 8 0 26 8 0
12 3 0 12 3 0
15 1 0 15 1 0
25 2 0 25 2 0
15 7 0 15 7 0
19 10 0 19 10 0
22 8 0 22 8 0
27 8 0 27 8 0
15 4 0 15 4 0
30 4 0 30 4 0
16 5 0 16 5 0
14 1 0 14 1 0
24 2 0 24 2 0
12 5 0 12 5 0
28 1 0 28 1 0
13 1 0 13 1 0
14 1 0 14 1 0
30 13 0 30 13 0
26 8 0 26 8 0
