10 3 0 10 3 0
10 6 0 10 6 0
27 14 0 27 14 0
25 1 0 25 1 0
26 13 0 26 13 0
30 8 0 30 8 0
18 2 0 18 2 0
15 1 0 15 1 0
13 6 0 13 6 0
23 9 0 23 9 0
22 1 0 22 1 0
12 6 0 12 6 0
16 3 0 16 3 0
26 12 0 26 12 0
11 6 0 11 6 0
21 2 0 21 2 0
18 3 0 18 3 0
27 3 0 27 3 0
30 1 0 30 1 0
30 2 0 30 2 0
21 9 0 21 9 0
20 1 0 20 1 0
23 9 0 23 9 0
22 6 0 22 6 0
27 14 0 27 14 0
14 3 0 14 3 0
17 8 0 17 8 0
10 6 0 10 6 0
25 6 0 25 6 0
27 4 0 27 4 0
25 1 0 25 1 0
15 2 0 15 2 0
16 5 0 16 5 0
27 11 0 27 11 0
30 12 0 30 12 0
