20 10 0 20 10 0
27 1 0 27 1 0
12 6 0 12 6 0
22 12 0 22 12 0
29 12 0 29 12 0
21 11 0 21 11 0
17 8 0 17 8 0
11 1 0 11 1 0
20 1 0 20 1 0
10 5 0 10 5 0
26 6 0 26 6 0
15 2 0 15 2 0
26 11 0 26 11 0
15 2 0 15 2 0
17 6 0 17 6 0
25 1 0 25 1 0
12 5 0 12 5 0
18 4 0 18 4 0
29 10 0 29 10 0
17 7 0 17 7 0
22 9 0 22 9 0
16 3 0 16 3 0
26 9 0 26 9 0
17 1 0 17 1 0
15 3 0 15 3 0
20 1 0 20 1 0
16 3 0 16 3 0
16 5 0 16 5 0
10 3 0 10 3 0
28 12 0 28 12 0
12 5 0 12 5 0
18 1 0 18 1 0
25 3 0 25 3 0
21 3 0 21 3 0
13 3 0 13 3 0
15 5 0 15 5 0
