26 10 0 26 10 0
18 7 0 18 7 0
16 8 0 16 8 0
17 9 0 17 9 0
23 2 0 23 2 0
12 4 0 12 4 0
22 1 0 22 1 0
30 11 0 30 11 0
27 8 0 27 8 0
21 10 0 21 10 0
25 4 0 25 4 0
23 7 0 23 7 0
17 1 0 17 1 0
27 3 0 27 3 0
30 1 0 30 1 0
22 6 0 22 6 0
24 12 0 24 12 0
17 9 0 17 9 0
25 4 0 25 4 0
17 1 0 17 1 0
30 1 0 30 1 0
12 4 0 12 4 0
20 2 0 20 2 0
23 1 0 23 1 0
30 3 0 30 3 0
14 3 0 14 3 0
18 3 0 18 3 0
17 1 0 17 1 0
30 3 0 30 3 0
17 7 0 17 7 0
17 7 0 17 7 0
27 6 0 27 6 0
30 9 0 30 9 0
28 11 0 28 11 0
17 4 0 17 4 0
20 9 0 20 9 0
21 3 0 21 3 0
23 7 0 23 7 0
17 3 0 17 3 0
14 1 0 14 1 0
10 1 0 10 1 0
12 2 0 12 2 0
