30 11 0 30 11 0
18 7 0 18 7 0
18 8 0 18 8 0
27 10 0 27 10 0
26 8 0 26 8 0
29 6 0 29 6 0
24 3 0 24 3 0
24 7 0 24 7 0
13 1 0 13 1 0
20 11 0 20 11 0
22 8 0 22 8 0
24 1 0 24 1 0
15 5 0 15 5 0
27 3 0 27 3 0
25 4 0 25 4 0
11 3 0 11 3 0
12 7 0 12 7 0
21 7 0 21 7 0
18 4 0 18 4 0
27 6 0 27 6 0
28 12 0 28 12 0
11 4 0 11 4 0
25 13 0 25 13 0
12 4 0 12 4 0
18 5 0 18 5 0
19 10 0 19 10 0
20 1 0 20 1 0
26 3 0 26 3 0
27 2 0 27 2 0
27 9 0 27 9 0
17 4 0 17 4 0
22 6 0 22 6 0
30 4 0 30 4 0
28 13 0 28 13 0
13 5 0 13 5 0
