20 10 0 20 10 0
10 3 0 10 3 0
18 2 0 18 2 0
10 5 0 10 5 0
19 2 0 19 2 0
10 3 0 10 3 0
29 2 0 29 2 0
23 2 0 23 2 0
10 3 0 10 3 0
21 1 0 21 1 0
21 4 0 21 4 0
21 8 0 21 8 0
10 2 0 10 2 0
22 2 0 22 2 0
11 4 0 11 4 0
27 10 0 27 10 0
22 2 0 22 2 0
27 1 0 27 1 0
17 6 0 17 6 0
23 10 0 23 10 0
22 2 0 22 2 0
29 1 0 29 1 0
27 11 0 27 11 0
19 6 0 19 6 0
11 2 0 11 2 0
16 9 0 16 9 0
24 12 0 24 12 0
19 6 0 19 6 0
19 9 0 19 9 0
25 1 0 25 1 0
11 2 0 11 2 0
30 16 0 30 16 0
19 1 0 19 1 0
26 13 0 26 13 0
27 1 0 27 1 0
22 12 0 22 12 0
17 5 0 17 5 0
13 4 0 13 4 0
