26 7 0 26 7 0
14 6 0 14 6 0
27 6 0 27 6 0
15 1 0 15 1 0
17 3 0 17 3 0
26 11 0 26 11 0
20 6 0 20 6 0
17 9 0 17 9 0
25 2 0 25 2 0
17 5 0 17 5 0
24 7 0 24 7 0
28 12 0 28 12 0
21 2 0 21 2 0
23 8 0 23 8 0
23 3 0 23 3 0
22 3 0 22 3 0
26 3 0 26 3 0
27 9 0 27 9 0
24 13 0 24 13 0
30 4 0 30 4 0
18 5 0 18 5 0
15 2 0 15 2 0
29 13 0 29 13 0
24 13 0 24 13 0
27 8 0 27 8 0
23 2 0 23 2 0
26 10 0 26 10 0
28 4 0 28 4 0
14 6 0 14 6 0
20 6 0 20 6 0
25 2 0 25 2 0
12 1 0 12 1 0
14 1 0 14 1 0
30 16 0 30 16 0
16 6 0 16 6 0
25 5 0 25 5 0
11 4 0 11 4 0
