16 1 0 16 1 0
26 10 0 26 10 0
17 4 0 17 4 0
24 2 0 24 2 0
30 5 0 30 5 0
11 4 0 11 4 0
27 7 0 27 7 0
25 12 0 25 12 0
28 3 0 28 3 0
14 7 0 14 7 0
23 4 0 23 4 0
30 13 0 30 13 0
25 9 0 25 9 0
21 9 0 21 9 0
22 4 0 22 4 0
11 5 0 11 5 0
10 5 0 10 5 0
30 6 0 30 6 0
12 4 0 12 4 0
22 8 0 22 8 0
11 5 0 11 5 0
28 1 0 28 1 0
26 3 0 26 3 0
17 6 0 17 6 0
21 3 0 21 3 0
22 1 0 22 1 0
29 2 0 29 2 0
16 4 0 16 4 0
12 3 0 12 3 0
12 2 0 12 2 0
14 6 0 14 6 0
18 4 0 18 4 0
19 4 0 19 4 0
30 16 0 30 16 0
18 7 0 18 7 0
25 5 0 25 5 0
30 16 0 30 16 0
