15 2 0 15 2 0
30 9 0 30 9 0
12 7 0 12 7 0
12 7 0 12 7 0
22 7 0 22 7 0
17 2 0 17 2 0
10 2 0 10 2 0
17 1 0 17 1 0
29 9 0 29 9 0
10 1 0 10 1 0
26 1 0 26 1 0
20 1 0 20 1 0
25 10 0 25 10 0
30 5 0 30 5 0
11 5 0 11 5 0
17 2 0 17 2 0
26 11 0 26 11 0
26 11 0 26 11 0
11 3 0 11 3 0
27 11 0 27 11 0
12 3 0 12 3 0
14 5 0 14 5 0
16 6 0 16 6 0
29 2 0 29 2 0
16 1 0 16 1 0
13 7 0 13 7 0
14 3 0 14 3 0
19 7 0 19 7 0
14 2 0 14 2 0
25 6 0 25 6 0
23 1 0 23 1 0
19 10 0 19 10 0
19 6 0 19 6 0
28 11 0 28 11 0
10 3 0 10 3 0
12 4 0 12 4 0
13 4 0 13 4 0
