29 13 0 29 13 0
22 3 0 22 3 0
20 2 0 20 2 0
24 4 0 24 4 0
23 2 0 23 2 0
14 8 0 14 8 0
10 3 0 10 3 0
11 5 0 11 5 0
16 1 0 16 1 0
14 1 0 14 1 0
15 7 0 15 7 0
27 1 0 27 1 0
16 8 0 16 8 0
18 7 0 18 7 0
14 3 0 14 3 0
16 3 0 16 3 0
26 14 0 26 14 0
22 5 0 22 5 0
30 9 0 30 9 0
13 2 0 13 2 0
16 9 0 16 9 0
18 4 0 18 4 0
23 6 0 23 6 0
12 5 0 12 5 0
10 2 0 10 2 0
29 11 0 29 11 0
23 3 0 23 3 0
28 1 0 28 1 0
13 2 0 13 2 0
26 8 0 26 8 0
27 4 0 27 4 0
28 9 0 28 9 0
28 15 0 28 15 0
18 4 0 18 4 0
13 2 0 13 2 0
18 10 0 18 10 0
