14 4 0 14 4 0
12 1 0 12 1 0
23 3 0 23 3 0
15 3 0 15 3 0
13 2 0 13 2 0
29 7 0 29 7 0
23 11 0 23 11 0
27 10 0 27 10 0
30 3 0 30 3 0
20 11 0 20 11 0
13 5 0 13 5 0
22 11 0 22 11 0
24 11 0 24 11 0
21 8 0 21 8 0
28 11 0 28 11 0
25 8 0 25 8 0
13 2 0 13 2 0
12 5 0 12 5 0
12 3 0 12 3 0
12 6 0 12 6 0
12 1 0 12 1 0
24 1 0 24 1 0
19 2 0 19 2 0
10 1 0 10 1 0
10 5 0 10 5 0
20 7 0 20 7 0
15 4 0 15 4 0
11 4 0 11 4 0
13 4 0 13 4 0
21 9 0 21 9 0
22 11 0 22 11 0
25 2 0 25 2 0
25 4 0 25 4 0
20 5 0 20 5 0
23 10 0 23 10 0
