14 1 0 14 1 0
13 2 0 13 2 0
10 3 0 10 3 0
30 4 0 30 4 0
29 3 0 29 3 0
28 12 0 28 12 0
19 10 0 19 10 0
23 7 0 23 7 0
14 1 0 14 1 0
16 2 0 16 2 0
10 4 0 10 4 0
29 11 0 29 11 0
12 4 0 12 4 0
19 8 0 19 8 0
16 8 0 16 8 0
24 3 0 24 3 0
21 11 0 21 11 0
10 2 0 10 2 0
24 13 0 24 13 0
22 5 0 22 5 0
27 4 0 27 4 0
19 10 0 19 10 0
26 10 0 26 10 0
28 9 0 28 9 0
26 7 0 26 7 0
18 3 0 18 3 0
27 5 0 27 5 0
24 2 0 24 2 0
23 2 0 23 2 0
14 1 0 14 1 0
18 4 0 18 4 0
16 6 0 16 6 0
20 5 0 20 5 0
10 3 0 10 3 0
30 15 0 30 15 0
16 2 0 16 2 0
16 3 0 16 3 0
