18 8 0 18 8 0
27 9 0 27 9 0
17 7 0 17 7 0
27 4 0 27 4 0
23 7 0 23 7 0
19 10 0 19 10 0
23 2 0 23 2 0
27 4 0 27 4 0
18 3 0 18 3 0
23 6 0 23 6 0
26 5 0 26 5 0
19 9 0 19 9 0
14 6 0 14 6 0
13 4 0 13 4 0
27 12 0 27 12 0
30 16 0 30 16 0
20 6 0 20 6 0
13 6 0 13 6 0
28 6 0 28 6 0
18 7 0 18 7 0
22 4 0 22 4 0
26 8 0 26 8 0
22 12 0 22 12 0
18 6 0 18 6 0
20 4 0 20 4 0
29 3 0 29 3 0
27 4 0 27 4 0
13 1 0 13 1 0
20 3 0 20 3 0
23 12 0 23 12 0
18 5 0 18 5 0
12 1 0 12 1 0
21 9 0 21 9 0
20 1 0 20 1 0
26 7 0 26 7 0
