17 1 0 17 1 0
24 13 0 24 13 0
17 3 0 17 3 0
21 2 0 21 2 0
28 9 0 28 9 0
17 8 0 17 8 0
21 1 0 21 1 0
16 9 0 16 9 0
27 8 0 27 8 0
16 8 0 16 8 0
15 2 0 15 2 0
22 4 0 22 4 0
20 3 0 20 3 0
30 14 0 30 14 0
18 1 0 18 1 0
22 1 0 22 1 0
17 7 0 17 7 0
15 2 0 15 2 0
22 7 0 22 7 0
16 9 0 16 9 0
28 14 0 28 14 0
10 4 0 10 4 0
13 6 0 13 6 0
25 2 0 25 2 0
25 7 0 25 7 0
12 5 0 12 5 0
25 3 0 25 3 0
30 7 0 30 7 0
19 4 0 19 4 0
11 3 0 11 3 0
27 9 0 27 9 0
21 1 0 21 1 0
10 2 0 10 2 0
13 1 0 13 1 0
23 7 0 23 7 0
24 1 0 24 1 0
14 7 0 14 7 0
