20 2 0 20 2 0
25 4 0 25 4 0
28 2 0 28 2 0
23 3 0 23 3 0
18 1 0 18 1 0
18 6 0 18 6 0
10 5 0 10 5 0
12 1 0 12 1 0
14 1 0 14 1 0
23 12 0 23 12 0
24 11 0 24 11 0
15 2 0 15 2 0
11 5 0 11 5 0
25 3 0 25 3 0
30 4 0 30 4 0
29 1 0 29 1 0
29 5 0 29 5 0
10 6 0 10 6 0
29 11 0 29 11 0
24 11 0 24 11 0
30 8 0 30 8 0
28 2 0 28 2 0
13 6 0 13 6 0
10 1 0 10 1 0
15 1 0 15 1 0
19 5 0 19 5 0
25 6 0 25 6 0
29 4 0 29 4 0
26 6 0 26 6 0
14 5 0 14 5 0
12 2 0 12 2 0
20 8 0 20 8 0
13 1 0 13 1 0
27 12 0 27 12 0
30 9 0 30 9 0
26 12 0 26 12 0
22 7 0 22 7 0
27 11 0 27 11 0
12 6 0 12 6 0
