12 1 0 12 1 0
30 15 0 30 15 0
21 9 0 21 9 0
26 8 0 26 8 0
18 4 0 18 4 0
16 5 0 16 5 0
27 3 0 27 3 0
13 7 0 13 7 0
10 2 0 10 2 0
17 4 0 17 4 0
20 2 0 20 2 0
23 11 0 23 11 0
22 5 0 22 5 0
14 1 0 14 1 0
27 9 0 27 9 0
27 9 0 27 9 0
26 10 0 26 10 0
15 3 0 15 3 0
10 1 0 10 1 0
15 5 0 15 5 0
29 14 0 29 14 0
21 7 0 21 7 0
22 9 0 22 9 0
25 12 0 25 12 0
15 4 0 15 4 0
24 1 0 24 1 0
19 6 0 19 6 0
28 2 0 28 2 0
14 4 0 14 4 0
17 3 0 17 3 0
22 4 0 22 4 0
22 10 0 22 10 0
23 12 0 23 12 0
12 2 0 12 2 0
18 7 0 18 7 0
