30 15 0 30 15 0
14 5 0 14 5 0
28 15 0 28 15 0
19 2 0 19 2 0
20 2 0 20 2 0
19 1 0 19 1 0
30 1 0 30 1 0
14 8 0 14 8 0
27 4 0 27 4 0
14 4 0 14 4 0
12 5 0 12 5 0
18 2 0 18 2 0
18 1 0 18 1 0
11 1 0 11 1 0
24 12 0 24 12 0
16 9 0 16 9 0
14 4 0 14 4 0
29 11 0 29 11 0
27 6 0 27 6 0
17 9 0 17 9 0
29 1 0 29 1 0
21 11 0 21 11 0
29 4 0 29 4 0
19 1 0 19 1 0
26 3 0 26 3 0
22 7 0 22 7 0
10 1 0 10 1 0
20 8 0 20 8 0
28 11 0 28 11 0
12 3 0 12 3 0
16 1 0 16 1 0
24 7 0 24 7 0
15 2 0 15 2 0
21 11 0 21 11 0
14 3 0 14 3 0
14 4 0 14 4 0
26 1 0 26 1 0
25 5 0 25 5 0
22 3 0 22 3 0
