10 3 0 10 3 0
16 6 0 16 6 0
28 1 0 28 1 0
12 7 0 12 7 0
15 2 0 15 2 0
27 5 0 27 5 0
20 6 0 20 6 0
16 2 0 16 2 0
23 2 0 23 2 0
16 5 0 16 5 0
20 8 0 20 8 0
14 1 0 14 1 0
14 4 0 14 4 0
16 3 0 16 3 0
24 7 0 24 7 0
10 4 0 10 4 0
30 4 0 30 4 0
30 6 0 30 6 0
30 5 0 30 5 0
24 7 0 24 7 0
26 14 0 26 14 0
28 1 0 28 1 0
10 6 0 10 6 0
26 11 0 26 11 0
10 3 0 10 3 0
25 4 0 25 4 0
11 6 0 11 6 0
16 4 0 16 4 0
22 7 0 22 7 0
23 8 0 23 8 0
18 3 0 18 3 0
25 12 0 25 12 0
18 3 0 18 3 0
15 7 0 15 7 0
21 2 0 21 2 0
21 5 0 21 5 0
24 11 0 24 11 0
