15 7 0 15 7 0
20 4 0 20 4 0
15 4 0 15 4 0
29 8 0 29 8 0
22 4 0 22 4 0
13 5 0 13 5 0
28 9 0 28 9 0
19 3 0 19 3 0
16 1 0 16 1 0
30 12 0 30 12 0
21 1 0 21 1 0
24 1 0 24 1 0
19 9 0 19 9 0
28 1 0 28 1 0
20 7 0 20 7 0
12 4 0 12 4 0
15 8 0 15 8 0
21 3 0 21 3 0
21 1 0 21 1 0
29 13 0 29 13 0
25 3 0 25 3 0
28 15 0 28 15 0
22 8 0 22 8 0
13 5 0 13 5 0
14 3 0 14 3 0
28 6 0 28 6 0
27 11 0 27 11 0
24 8 0 24 8 0
23 7 0 23 7 0
19 3 0 19 3 0
11 5 0 11 5 0
27 10 0 27 10 0
22 11 0 22 11 0
28 1 0 28 1 0
10 5 0 10 5 0
