16 5 0 16 5 0
21 6 0 21 6 0
24 2 0 24 2 0
29 4 0 29 4 0
11 4 0 11 4 0
15 5 0 15 5 0
25 13 0 25 13 0
18 5 0 18 5 0
29 12 0 29 12 0
28 11 0 28 11 0
24 10 0 24 10 0
18 2 0 18 2 0
16 4 0 16 4 0
18 6 0 18 6 0
25 11 0 25 11 0
15 7 0 15 7 0
23 1 0 23 1 0
26 10 0 26 10 0
24 4 0 24 4 0
12 4 0 12 4 0
30 14 0 30 14 0
23 10 0 23 10 0
26 6 0 26 6 0
19 1 0 19 1 0
30 13 0 30 13 0
20 1 0 20 1 0
24 11 0 24 11 0
16 1 0 16 1 0
20 3 0 20 3 0
14 5 0 14 5 0
15 4 0 15 4 0
18 3 0 18 3 0
18 6 0 18 6 0
30 5 0 30 5 0
26 7 0 26 7 0
19 4 0 19 4 0
