13 6 0 13 6 0
28 10 0 28 10 0
27 13 0 27 13 0
29 8 0 29 8 0
21 1 0 21 1 0
15 1 0 15 1 0
16 4 0 16 4 0
14 3 0 14 3 0
21 9 0 21 9 0
24 6 0 24 6 0
29 10 0 29 10 0
23 7 0 23 7 0
24 1 0 24 1 0
18 8 0 18 8 0
22 3 0 22 3 0
11 1 0 11 1 0
17 2 0 17 2 0
13 7 0 13 7 0
19 1 0 19 1 0
17 9 0 17 9 0
30 5 0 30 5 0
21 2 0 21 2 0
23 9 0 23 9 0
25 5 0 25 5 0
15 7 0 15 7 0
10 5 0 10 5 0
21 2 0 21 2 0
30 3 0 30 3 0
19 3 0 19 3 0
24 5 0 24 5 0
19 5 0 19 5 0
28 11 0 28 11 0
20 11 0 20 11 0
15 2 0 15 2 0
19 7 0 19 7 0
15 4 0 15 4 0
15 3 0 15 3 0
20 10 0 20 10 0
