30 11 0 30 11 0
22 9 0 22 9 0
23 11 0 23 11 0
21 7 0 21 7 0
25 8 0 25 8 0
13 6 0 13 6 0
13 2 0 13 2 0
22 1 0 22 1 0
20 8 0 20 8 0
28 10 0 28 10 0
11 1 0 11 1 0
15 8 0 15 8 0
11 2 0 11 2 0
26 12 0 26 12 0
21 7 0 21 7 0
24 2 0 24 2 0
26 13 0 26 13 0
16 7 0 16 7 0
10 1 0 10 1 0
10 2 0 10 2 0
25 6 0 25 6 0
13 1 0 13 1 0
10 2 0 10 2 0
21 2 0 21 2 0
18 8 0 18 8 0
28 8 0 28 8 0
21 7 0 21 7 0
30 1 0 30 1 0
17 3 0 17 3 0
21 2 0 21 2 0
17 2 0 17 2 0
19 7 0 19 7 0
20 5 0 20 5 0
11 3 0 11 3 0
11 3 0 11 3 0
18 10 0 18 10 0
