17 9 0 17 9 0
21 8 0 21 8 0
20 2 0 20 2 0
11 4 0 11 4 0
25 9 0 25 9 0
17 3 0 17 3 0
17 5 0 17 5 0
25 3 0 25 3 0
24 5 0 24 5 0
19 4 0 19 4 0
12 2 0 12 2 0
30 10 0 30 10 0
20 6 0 20 6 0
30 8 0 30 8 0
16 2 0 16 2 0
20 4 0 20 4 0
13 1 0 13 1 0
13 6 0 13 6 0
17 1 0 17 1 0
23 6 0 23 6 0
12 1 0 12 1 0
19 4 0 19 4 0
17 6 0 17 6 0
24 1 0 24 1 0
12 7 0 12 7 0
12 7 0 12 7 0
14 4 0 14 4 0
10 1 0 10 1 0
29 7 0 29 7 0
29 14 0 29 14 0
24 2 0 24 2 0
28 3 0 28 3 0
18 8 0 18 8 0
28 7 0 28 7 0
29 1 0 29 1 0
13 3 0 13 3 0
24 5 0 24 5 0
25 7 0 25 7 0
14 3 0 14 3 0
26 3 0 26 3 0
15 8 0 15 8 0
