17 5 0 17 5 0
12 4 0 12 4 0
27 8 0 27 8 0
13 2 0 13 2 0
29 1 0 29 1 0
26 12 0 26 12 0
18 6 0 18 6 0
27 13 0 27 13 0
14 6 0 14 6 0
17 1 0 17 1 0
17 4 0 17 4 0
22 5 0 22 5 0
17 8 0 17 8 0
12 2 0 12 2 0
26 1 0 26 1 0
16 7 0 16 7 0
27 8 0 27 8 0
30 11 0 30 11 0
25 4 0 25 4 0
22 10 0 22 10 0
11 1 0 11 1 0
22 5 0 22 5 0
17 9 0 17 9 0
29 5 0 29 5 0
18 9 0 18 9 0
25 9 0 25 9 0
29 12 0 29 12 0
12 3 0 12 3 0
16 4 0 16 4 0
14 2 0 14 2 0
13 2 0 13 2 0
27 7 0 27 7 0
19 5 0 19 5 0
20 2 0 20 2 0
13 3 0 13 3 0
24 9 0 24 9 0
