19 10 0 19 10 0
10 5 0 10 5 0
12 7 0 12 7 0
13 1 0 13 1 0
30 2 0 30 2 0
30 1 0 30 1 0
26 14 0 26 14 0
10 4 0 10 4 0
10 4 0 10 4 0
27 10 0 27 10 0
19 4 0 19 4 0
14 3 0 14 3 0
26 6 0 26 6 0
23 11 0 23 11 0
24 3 0 24 3 0
14 8 0 14 8 0
18 4 0 18 4 0
12 1 0 12 1 0
16 5 0 16 5 0
21 11 0 21 11 0
27 11 0 27 11 0
30 14 0 30 14 0
29 8 0 29 8 0
25 12 0 25 12 0
17 2 0 17 2 0
16 6 0 16 6 0
23 1 0 23 1 0
22 8 0 22 8 0
17 2 0 17 2 0
17 1 0 17 1 0
19 1 0 19 1 0
30 1 0 30 1 0
22 3 0 22 3 0
24 6 0 24 6 0
26 10 0 26 10 0
