22 7 0 22 7 0
14 7 0 14 7 0
13 2 0 13 2 0
22 6 0 22 6 0
26 13 0 26 13 0
16 7 0 16 7 0
18 1 0 18 1 0
30 2 0 30 2 0
17 1 0 17 1 0
14 5 0 14 5 0
11 4 0 11 4 0
27 7 0 27 7 0
24 1 0 24 1 0
12 4 0 12 4 0
12 2 0 12 2 0
25 3 0 25 3 0
16 7 0 16 7 0
12 1 0 12 1 0
27 2 0 27 2 0
26 3 0 26 3 0
22 3 0 22 3 0
25 4 0 25 4 0
11 2 0 11 2 0
13 1 0 13 1 0
12 2 0 12 2 0
24 13 0 24 13 0
17 3 0 17 3 0
18 10 0 18 10 0
22 9 0 22 9 0
19 7 0 19 7 0
19 7 0 19 7 0
29 7 0 29 7 0
26 11 0 26 11 0
21 10 0 21 10 0
20 7 0 20 7 0
14 5 0 14 5 0
14 5 0 14 5 0
