15 5 0 15 5 0
28 8 0 28 8 0
15 1 0 15 1 0
29 2 0 29 2 0
11 1 0 11 1 0
30 4 0 30 4 0
14 3 0 14 3 0
21 3 0 21 3 0
27 10 0 27 10 0
11 5 0 11 5 0
23 6 0 23 6 0
19 4 0 19 4 0
19 4 0 19 4 0
23 9 0 23 9 0
14 5 0 14 5 0
30 9 0 30 9 0
24 7 0 24 7 0
26 11 0 26 11 0
15 5 0 15 5 0
18 9 0 18 9 0
22 5 0 22 5 0
22 2 0 22 2 0
12 6 0 12 6 0
22 11 0 22 11 0
27 4 0 27 4 0
23 4 0 23 4 0
22 1 0 22 1 0
19 9 0 19 9 0
24 6 0 24 6 0
17 8 0 17 8 0
21 2 0 21 2 0
15 8 0 15 8 0
28 13 0 28 13 0
23 10 0 23 10 0
30 8 0 30 8 0
