27 4 0 27 4 0
28 12 0 28 12 0
21 11 0 21 11 0
29 4 0 29 4 0
27 4 0 27 4 0
26 4 0 26 4 0
16 6 0 16 6 0
22 2 0 22 2 0
13 7 0 13 7 0
18 3 0 18 3 0
19 1 0 19 1 0
24 1 0 24 1 0
29 11 0 29 11 0
28 10 0 28 10 0
16 4 0 16 4 0
19 6 0 19 6 0
15 3 0 15 3 0
16 2 0 16 2 0
27 13 0 27 13 0
23 4 0 23 4 0
21 3 0 21 3 0
18 4 0 18 4 0
18 3 0 18 3 0
12 2 0 12 2 0
25 11 0 25 11 0
14 6 0 14 6 0
18 8 0 18 8 0
12 7 0 12 7 0
29 4 0 29 4 0
11 2 0 11 2 0
12 3 0 12 3 0
29 8 0 29 8 0
28 4 0 28 4 0
21 4 0 21 4 0
26 6 0 26 6 0
24 11 0 24 11 0
29 13 0 29 13 0
12 4 0 12 4 0
